1 1000
1000 1098
1 860
2 745
3 78
3 167
3 298
3 488
3 796
4 82
4 297
4 322
4 840
5 24
5 315
5 575
6 79
6 98
6 343
6 373
6 905
7 182
7 483
8 174
8 225
8 241
8 717
9 268
9 286
9 323
9 797
10 704
10 960
11 280
11 296
11 949
12 90
12 365
12 690
13 214
13 696
14 179
14 679
16 596
16 772
16 946
17 554
17 847
18 87
18 612
19 982
19 990
20 336
21 210
22 80
22 185
22 221
22 931
23 161
23 415
24 290
24 839
25 378
25 733
25 749
25 836
26 65
26 309
27 224
27 663
27 696
28 30
28 80
28 122
28 384
28 444
28 927
29 155
29 702
31 244
31 389
31 450
31 546
32 477
33 101
33 323
34 182
35 333
35 518
35 904
35 996
36 593
36 815
36 918
36 935
36 964
37 117
37 180
38 393
38 534
39 136
40 350
40 645
40 927
41 403
41 639
41 969
42 124
42 227
42 418
42 814
43 587
44 458
44 594
44 694
44 935
46 145
46 171
46 574
46 694
47 424
47 444
48 68
48 133
48 200
48 423
48 454
48 675
48 797
49 707
50 337
51 450
51 580
51 682
51 841
52 680
52 708
53 428
53 619
54 736
55 121
55 916
55 966
56 682
58 189
59 924
60 96
60 276
60 520
60 647
61 120
61 660
61 761
62 695
63 222
63 456
63 571
63 932
64 511
65 223
66 192
66 678
67 655
69 147
69 160
69 207
69 312
69 621
69 628
69 753
69 930
70 736
74 195
74 502
74 649
76 230
76 367
77 202
77 348
77 745
78 167
78 794
78 903
79 106
81 518
81 835
83 106
83 268
83 550
83 603
83 948
84 130
85 205
85 546
85 583
85 716
86 361
87 970
88 134
89 119
89 711
90 776
90 949
91 273
91 462
92 969
93 871
94 562
94 617
95 134
95 464
95 650
96 101
96 594
96 688
96 755
97 401
97 523
97 566
97 718
98 678
99 245
99 867
100 381
101 189
101 669
101 886
101 952
102 510
102 816
102 919
103 113
103 463
103 843
103 914
105 428
105 853
106 239
107 416
107 515
108 306
109 803
109 953
110 496
110 530
111 557
112 726
114 181
114 282
114 806
115 141
115 224
115 256
115 338
115 470
115 931
117 320
117 981
118 422
118 487
118 949
119 153
120 958
121 495
121 660
122 195
122 421
123 684
124 437
125 177
125 357
125 950
126 736
126 753
127 196
127 228
127 830
127 969
127 970
128 423
128 976
129 209
129 265
129 395
129 667
129 743
129 835
129 954
131 335
132 350
132 846
133 331
134 210
134 463
134 742
135 254
135 313
135 593
135 715
135 895
136 862
137 561
137 645
137 684
137 942
137 963
138 142
139 278
139 290
140 660
141 563
142 179
142 434
142 468
142 904
143 241
143 317
144 399
145 292
145 528
146 802
147 333
147 393
147 461
148 295
148 646
150 703
150 932
153 582
154 774
156 714
156 795
157 419
158 482
158 712
159 193
159 348
160 304
160 584
162 780
164 722
165 284
166 709
168 307
170 737
171 979
172 711
174 268
174 785
175 699
176 256
176 311
176 346
176 834
176 967
177 401
177 427
177 522
177 650
177 710
178 381
179 318
179 917
181 371
181 788
181 793
184 212
184 980
185 762
185 911
186 292
186 389
186 408
186 594
186 728
187 289
187 557
187 635
188 374
188 568
188 676
188 935
189 303
189 459
189 582
189 688
189 692
189 799
190 477
191 266
191 321
192 217
192 559
193 208
193 843
193 848
194 196
194 272
196 513
196 657
197 436
197 986
198 481
199 229
199 500
200 372
200 617
200 968
201 248
201 803
201 877
202 955
204 376
206 339
206 597
206 682
207 521
208 529
209 737
210 940
211 636
211 860
212 360
212 524
213 662
214 893
215 315
215 680
216 296
216 623
217 505
218 912
219 677
219 883
220 792
221 369
221 735
221 815
222 496
222 787
222 943
223 382
223 781
224 438
224 874
225 561
225 778
226 249
226 505
226 791
227 271
227 374
227 478
227 491
228 401
228 476
228 562
228 579
228 672
229 444
229 499
229 866
230 485
231 518
231 822
232 415
232 849
233 250
233 866
233 930
234 788
234 963
235 627
235 885
235 944
237 565
238 613
240 489
240 586
241 553
242 529
242 779
244 259
244 424
244 991
245 697
246 710
247 958
249 288
249 313
249 632
249 892
250 290
250 378
251 417
251 626
252 322
252 669
253 684
253 735
257 274
257 378
257 933
258 430
258 505
258 824
258 867
259 437
259 823
260 708
260 780
261 331
262 729
264 363
264 424
264 935
265 644
266 609
267 358
267 512
268 440
268 573
269 806
269 854
270 345
270 517
270 527
270 602
271 412
272 542
272 641
272 853
273 275
273 472
273 927
274 442
275 876
275 935
276 382
276 526
277 961
278 741
278 824
279 348
279 612
279 969
280 326
280 862
282 578
282 895
283 760
283 863
284 421
284 759
286 311
286 588
286 849
286 947
287 337
287 838
288 632
288 916
289 549
289 642
290 559
290 776
292 378
292 882
293 466
294 593
296 862
297 556
297 586
297 848
297 957
299 554
299 769
299 796
300 824
300 944
302 475
302 849
303 408
303 473
303 722
305 734
305 996
307 424
307 993
308 316
308 321
308 857
309 622
309 935
310 640
310 897
311 471
312 535
313 412
313 969
314 799
315 764
315 830
315 934
316 362
317 579
318 628
318 722
318 799
319 457
319 568
319 702
319 951
320 819
321 758
322 375
324 421
324 975
325 709
325 948
326 457
327 632
327 889
328 356
328 526
328 728
329 573
329 589
330 854
331 698
331 961
332 662
333 580
333 804
334 773
334 985
335 660
335 960
336 346
336 763
337 397
337 695
338 607
338 877
338 920
340 343
340 618
340 671
342 589
343 623
344 471
344 738
345 636
345 664
347 518
347 715
347 863
348 371
348 405
348 457
349 785
350 471
351 834
352 496
352 763
354 859
356 540
356 564
356 602
357 658
357 853
357 964
358 615
359 873
361 410
361 421
361 601
362 396
363 593
364 982
365 773
366 560
366 877
370 384
370 550
370 622
370 661
370 705
371 818
371 834
371 843
372 391
372 583
373 825
373 826
375 868
375 884
376 948
377 505
377 532
378 571
378 989
379 462
379 738
380 762
380 789
380 819
382 751
383 513
385 403
385 912
386 497
386 913
389 602
390 955
392 406
394 896
395 507
396 537
397 571
397 611
397 901
400 511
400 674
402 482
402 502
402 575
404 933
405 562
406 549
407 606
407 914
410 515
410 530
410 667
410 825
411 804
412 431
412 668
415 961
417 654
420 637
420 719
421 459
421 785
422 464
423 480
423 794
424 821
426 646
427 651
429 661
429 714
430 612
430 842
431 519
432 650
433 518
433 707
434 975
435 671
435 939
436 652
436 872
437 815
438 791
439 533
439 619
439 715
441 634
441 998
442 729
444 649
444 944
446 748
446 977
447 765
447 903
449 586
450 561
450 758
451 597
451 646
451 671
451 696
452 688
453 502
453 658
455 865
456 512
457 536
457 733
458 520
459 874
461 932
462 649
462 668
464 700
466 906
467 916
469 495
469 564
469 610
470 493
471 909
472 953
473 790
474 972
480 811
480 834
481 750
481 811
482 653
482 826
484 551
485 653
486 496
486 756
486 829
486 973
487 509
487 537
487 693
487 855
488 695
489 524
490 670
492 576
493 625
493 814
493 987
494 842
495 581
496 576
496 626
497 621
498 711
499 560
500 743
500 883
500 955
502 593
502 976
503 712
503 744
503 751
504 686
504 750
504 773
506 800
506 878
507 965
508 550
508 960
510 751
510 860
512 644
515 768
515 861
516 762
516 850
520 982
521 562
521 790
521 860
522 615
523 825
524 646
524 715
525 971
526 621
529 648
529 806
529 965
530 638
531 573
531 808
532 622
533 730
533 754
535 653
536 826
538 606
538 998
539 755
541 903
547 582
547 922
548 945
549 575
549 626
549 680
550 862
553 565
554 599
555 632
555 636
559 774
561 881
564 643
567 579
568 807
570 691
570 789
570 819
570 931
572 940
572 944
573 787
578 605
578 688
579 653
579 692
582 688
582 803
582 813
583 818
583 972
584 608
584 667
584 866
585 641
586 589
587 605
587 811
588 768
589 890
590 836
590 848
591 937
593 932
594 916
596 788
597 659
599 836
599 899
600 723
600 868
601 771
601 855
603 829
604 852
605 893
606 881
607 612
607 693
608 896
610 630
611 818
612 817
614 705
614 992
620 994
622 777
623 979
625 656
625 996
629 898
630 868
631 714
632 822
633 770
634 821
635 929
636 912
636 914
639 876
640 652
640 788
641 866
644 646
644 854
644 962
644 984
645 979
648 698
648 776
649 835
652 808
652 979
653 781
658 845
659 835
660 720
660 910
660 933
661 905
664 849
668 730
668 763
668 951
669 801
673 962
674 983
676 785
676 830
678 922
680 795
680 820
682 709
685 711
685 753
685 918
689 960
692 859
692 936
692 941
698 728
698 741
698 804
698 923
700 772
700 917
701 786
703 791
703 813
704 817
705 918
705 972
707 863
708 838
709 919
714 931
722 900
723 835
726 868
730 975
736 816
740 836
740 915
740 966
741 985
746 825
752 979
754 902
758 785
759 943
761 864
761 916
762 961
769 988
771 785
776 996
777 945
782 916
784 796
785 888
788 967
791 891
791 960
792 931
795 808
797 882
797 1000
803 838
803 956
803 960
807 921
812 949
815 877
816 844
820 883
820 895
820 952
825 880
828 967
831 908
832 968
833 978
836 941
841 863
842 989
847 974
849 982
852 951
856 947
857 987
858 887
858 952
861 961
863 930
866 951
871 976
872 972
873 950
874 919
875 945
876 916
882 916
886 971
897 982
898 999
905 934
911 989
923 935
927 944
929 935
952 973
954 996
970 995
