1 400
400 992
1 300
2 33
2 43
2 339
2 346
3 93
3 261
3 284
3 320
4 11
4 19
4 42
4 149
4 176
4 182
4 201
5 24
5 28
5 32
5 45
5 160
5 255
6 132
6 321
7 26
7 56
7 208
7 273
7 324
7 391
7 398
8 20
8 21
8 26
8 311
8 344
9 273
10 88
10 206
10 270
10 372
11 43
11 49
11 208
11 326
11 327
12 24
12 98
12 173
13 67
13 112
13 183
13 262
13 399
14 40
14 64
14 92
14 100
14 167
14 196
14 301
14 365
15 28
15 101
15 103
15 115
15 177
15 226
15 348
15 379
15 380
16 21
16 199
16 311
16 313
16 345
16 356
16 385
16 389
17 20
17 38
17 74
17 82
17 221
18 122
18 158
18 286
18 331
19 100
19 105
19 152
19 178
19 203
19 224
19 260
19 274
19 354
20 231
21 95
21 143
21 228
21 288
22 73
22 87
22 110
22 164
22 202
22 235
23 35
23 187
23 196
23 304
23 317
23 322
23 376
24 95
24 203
24 308
25 73
25 97
25 294
25 296
25 298
26 72
26 110
26 144
26 147
26 154
26 274
26 285
26 361
27 63
27 168
27 189
27 191
27 194
28 175
28 343
29 74
29 101
29 148
29 283
29 287
29 304
31 69
31 154
31 250
32 67
32 188
32 207
32 318
32 368
32 394
33 132
33 189
33 224
33 299
34 69
34 117
34 191
35 41
35 57
35 283
35 328
35 334
35 356
36 209
36 221
36 254
36 297
36 311
36 321
36 398
37 79
37 132
37 143
37 323
37 394
38 52
38 58
38 63
38 96
38 204
38 242
38 251
38 386
38 399
39 53
39 387
40 234
40 396
41 84
41 271
41 275
42 106
42 126
42 382
43 105
43 156
43 232
43 233
43 331
43 335
43 359
44 250
44 383
44 387
45 46
45 204
45 237
45 335
46 51
46 102
47 332
47 390
47 399
48 176
48 212
48 235
48 255
48 278
48 331
48 359
49 264
50 54
50 72
50 122
50 136
50 183
50 266
50 293
50 317
50 374
51 69
51 183
51 209
51 255
51 344
51 369
51 378
52 89
52 93
52 105
52 257
53 316
53 397
54 198
54 227
54 264
55 135
56 81
56 122
56 299
56 356
57 69
57 127
57 129
57 153
57 192
57 193
57 297
58 129
58 171
58 257
58 363
59 86
59 121
59 213
59 216
59 281
59 308
59 352
59 367
60 258
60 294
60 296
60 318
60 341
60 382
60 392
61 63
61 94
61 144
61 168
61 185
61 238
61 271
62 95
62 240
62 291
62 376
62 381
63 188
64 102
64 267
64 273
64 321
64 381
65 206
65 232
65 245
66 145
66 188
66 255
66 299
67 232
67 263
67 292
68 288
68 295
68 399
69 190
69 259
69 304
69 327
70 83
70 201
70 279
70 358
71 83
71 90
71 92
71 130
71 147
71 149
71 181
71 246
71 297
71 388
72 159
72 321
72 352
72 365
72 377
73 198
73 326
73 380
74 307
74 344
74 384
75 80
75 87
75 387
76 162
76 231
76 323
76 365
76 382
76 391
77 173
77 213
77 274
77 334
77 374
78 83
78 224
78 337
78 340
78 348
78 398
79 125
79 148
79 278
79 281
79 301
80 81
80 86
80 388
81 277
81 307
81 342
82 84
82 150
82 202
82 205
82 316
82 330
82 345
83 377
84 263
85 117
85 118
85 231
85 282
85 380
85 382
86 114
86 160
86 282
86 375
87 100
87 110
87 177
87 181
87 227
87 393
88 152
88 155
88 208
88 226
88 283
89 93
89 193
89 265
90 125
90 306
90 350
91 99
91 133
91 198
92 104
92 291
92 329
92 354
92 363
93 276
93 291
93 317
93 387
93 389
94 203
94 220
94 263
94 265
94 395
94 400
96 97
96 183
96 200
96 278
96 327
96 369
97 127
97 179
98 152
98 206
98 263
98 307
98 320
99 150
99 296
99 335
100 128
100 170
100 247
100 265
101 125
101 146
101 161
101 241
101 269
101 302
102 167
102 174
102 230
102 321
102 353
103 204
103 281
103 300
103 307
104 254
104 285
105 252
105 296
106 353
106 368
107 150
107 223
107 224
107 373
108 116
108 179
108 218
108 226
108 262
108 396
109 144
109 212
109 329
110 148
110 179
110 241
110 299
111 143
111 251
111 350
111 379
112 231
112 251
112 269
112 281
112 348
114 196
114 199
114 255
114 293
114 315
114 354
114 364
115 224
115 251
115 374
115 379
116 155
116 168
116 360
117 271
117 272
118 126
119 122
119 242
119 297
119 313
120 185
120 261
120 302
120 368
120 378
121 134
121 157
121 234
122 162
123 154
123 190
123 201
123 252
123 392
124 181
124 212
124 387
125 169
126 146
126 214
126 337
126 393
127 151
127 298
127 355
128 133
128 221
128 280
128 294
128 307
128 314
128 315
129 355
130 337
131 222
131 243
131 294
131 362
132 143
132 163
132 184
133 201
133 232
133 245
133 345
134 229
134 266
134 306
134 349
135 182
135 260
135 265
135 283
135 318
135 344
136 373
136 391
137 159
137 272
137 298
138 290
138 364
138 389
139 171
139 213
139 353
140 165
140 253
140 345
140 371
140 381
140 393
141 316
142 158
142 230
142 249
142 257
142 332
142 352
142 383
143 256
143 285
143 369
144 179
144 213
144 224
144 285
145 231
145 245
145 291
145 301
145 322
145 367
146 166
146 282
148 150
148 176
149 209
149 222
149 275
150 236
150 273
150 336
151 291
151 305
151 334
151 378
152 195
152 197
152 228
152 317
152 372
153 207
154 294
154 339
154 352
155 230
155 286
156 172
156 217
156 235
156 238
156 240
156 330
156 341
156 386
157 361
157 398
158 166
159 279
160 364
160 377
161 221
161 274
161 317
161 379
162 260
162 350
163 208
163 275
163 336
164 352
165 299
165 315
165 386
166 215
167 245
167 274
168 214
168 251
169 253
169 337
169 341
169 345
170 312
171 235
171 328
171 381
172 178
172 208
172 334
173 344
173 360
174 203
174 205
175 176
176 391
177 239
177 292
177 332
177 361
178 272
178 292
178 353
179 275
179 349
180 187
180 359
181 247
181 379
182 292
183 223
184 331
185 267
187 366
188 208
188 245
188 382
189 235
190 203
191 249
191 274
191 338
191 340
192 207
192 376
193 198
193 204
193 385
194 367
194 370
195 352
195 374
195 381
196 236
196 312
196 381
197 226
197 300
198 212
198 215
199 271
199 285
199 392
200 297
201 203
201 220
201 263
201 344
201 364
201 384
202 360
202 387
203 229
203 327
203 350
204 295
206 313
206 318
207 239
207 251
207 314
208 209
208 365
208 385
209 218
209 319
209 398
210 219
210 263
210 280
210 283
211 238
211 244
212 314
213 308
214 265
214 282
214 288
215 244
215 284
216 243
217 313
217 377
218 336
219 241
219 309
219 390
221 226
221 232
221 242
221 281
222 253
222 265
222 375
223 328
223 400
224 320
224 330
225 312
225 346
226 260
227 244
227 254
227 305
227 344
227 359
227 377
227 385
228 324
230 383
231 252
231 271
231 318
231 333
231 357
232 310
232 321
232 356
232 373
233 255
233 400
234 317
234 333
235 310
235 381
236 237
236 253
236 278
236 367
237 320
237 323
238 367
239 325
239 380
239 398
240 250
240 346
240 389
241 299
241 400
242 325
243 291
244 269
244 278
244 323
244 329
244 360
245 318
246 382
247 374
247 380
248 294
248 357
249 350
249 362
250 260
250 364
250 384
252 266
252 303
252 371
253 296
253 308
254 267
254 360
254 369
255 272
255 324
255 338
255 394
256 370
257 313
258 318
258 383
260 325
260 333
261 326
261 377
261 399
262 315
264 349
265 285
267 276
267 380
267 398
268 334
268 375
268 388
269 291
269 361
270 281
271 355
271 376
272 321
272 388
273 340
273 383
273 400
274 297
274 341
274 375
275 298
275 304
275 367
276 319
276 343
276 385
277 323
278 393
279 285
282 367
282 380
283 285
283 379
283 400
284 311
284 325
285 291
285 328
285 352
286 302
288 318
288 320
288 341
288 380
289 328
289 339
289 383
290 350
290 382
291 309
291 367
292 346
292 367
293 300
294 356
294 375
295 356
296 308
296 342
297 320
297 364
297 398
299 352
299 363
300 381
302 358
303 338
304 367
305 390
306 363
306 395
308 373
308 374
308 379
309 311
309 395
311 355
312 400
314 373
316 330
316 349
317 367
318 362
318 391
319 360
319 397
320 330
320 378
324 390
326 339
328 334
328 388
328 397
331 374
331 390
331 392
332 340
333 386
335 384
336 358
337 356
338 380
338 400
339 349
341 367
342 358
345 346
346 374
346 385
347 352
347 395
352 354
353 385
355 374
356 377
356 396
357 380
357 385
358 382
361 371
362 370
370 389
372 382
373 386
373 399
390 392
