1 700
700 776
1 541
2 36
3 50
4 458
4 464
4 608
4 669
5 244
5 605
6 250
6 562
6 579
6 689
7 609
8 92
10 175
10 249
11 498
12 177
12 513
12 580
12 598
12 605
13 146
14 18
14 73
14 351
14 357
15 135
15 339
15 585
16 575
16 655
17 133
17 641
19 90
20 123
20 361
20 531
21 54
21 264
22 104
23 63
23 113
23 264
23 616
24 95
24 164
24 484
24 590
25 121
25 470
25 537
25 540
26 151
26 570
26 620
27 626
28 482
28 598
28 687
29 348
30 358
30 479
30 496
32 271
32 523
32 696
33 228
33 230
34 143
34 454
36 427
36 436
36 685
37 142
37 214
37 499
38 192
38 644
39 366
39 500
40 341
40 371
40 469
41 455
41 589
42 218
42 226
43 51
44 215
44 437
44 499
45 290
46 323
46 504
46 671
48 186
48 305
48 507
48 591
49 666
50 402
50 435
50 631
51 222
51 365
51 466
51 621
52 160
53 137
53 354
53 430
53 519
54 230
54 491
54 570
54 596
55 389
56 124
56 558
56 699
57 157
57 236
57 250
57 487
58 343
58 599
59 174
59 532
59 644
60 443
61 273
62 292
62 314
63 472
64 147
64 687
65 162
65 670
67 565
68 293
68 333
68 489
69 117
69 229
69 470
70 545
70 559
71 124
71 279
71 615
72 119
72 670
72 689
73 187
73 436
73 504
74 258
74 296
74 476
74 537
75 210
75 447
76 449
77 86
77 362
78 102
78 295
80 505
80 607
80 681
81 329
81 345
81 365
81 395
82 111
82 184
82 396
82 671
82 677
83 137
83 461
84 356
84 434
84 445
84 462
85 323
85 368
86 406
87 313
87 382
87 588
89 440
89 468
89 481
90 471
90 527
91 428
91 489
92 128
94 397
96 527
96 624
97 595
98 306
100 205
101 474
102 359
102 388
102 535
102 618
104 260
106 313
106 638
106 646
108 230
108 274
108 389
108 578
110 647
112 163
112 323
112 562
112 693
113 317
113 501
113 553
114 533
114 612
115 443
115 671
116 234
116 321
117 339
118 562
119 309
120 267
121 249
121 661
122 133
122 149
122 357
122 404
123 356
123 412
123 448
123 569
124 298
124 479
124 521
124 684
126 538
127 279
129 250
129 475
129 619
130 248
130 336
130 489
131 422
131 559
132 471
132 584
132 596
133 496
134 638
135 187
135 317
135 699
136 267
136 396
138 297
138 572
139 443
139 602
139 657
140 280
140 302
140 436
141 341
141 661
142 149
142 624
142 638
143 200
144 445
144 611
144 624
145 552
146 229
147 161
147 250
147 640
148 157
148 670
149 156
149 281
149 514
149 681
150 586
151 420
151 551
152 204
152 428
153 199
154 480
154 597
155 183
155 618
155 640
156 190
158 463
158 642
158 665
159 583
159 662
161 636
162 369
162 685
163 426
164 589
165 185
166 307
166 529
166 647
167 225
167 333
167 595
168 260
168 650
169 172
169 366
169 541
170 286
170 623
172 541
172 619
174 295
176 360
177 417
178 196
178 313
178 325
179 536
181 330
181 386
181 637
182 280
182 400
185 297
185 572
187 261
187 315
188 268
190 372
190 419
190 548
191 426
193 253
193 348
194 318
194 455
194 657
195 279
195 445
195 446
196 200
196 369
197 238
197 602
197 676
197 695
198 263
199 271
199 352
199 586
200 417
200 664
201 239
201 247
202 275
202 572
202 573
204 252
204 700
206 323
207 213
207 281
207 631
207 655
208 243
208 700
209 424
210 285
210 387
212 344
212 583
212 592
213 342
213 659
213 694
214 270
214 480
215 611
217 326
218 590
218 633
221 236
221 315
222 437
223 361
223 501
225 545
227 323
227 357
227 440
231 315
232 293
233 340
233 366
234 247
234 559
234 655
235 373
235 608
237 418
237 495
238 274
238 415
239 352
239 408
239 541
239 682
239 700
240 440
240 577
241 552
241 650
242 412
242 420
243 326
243 370
243 517
245 700
246 375
247 481
248 291
248 361
249 390
249 594
250 284
250 314
250 369
250 649
252 310
252 395
252 489
254 271
255 644
256 620
261 320
262 393
263 270
263 569
263 585
264 273
264 354
265 307
265 374
265 410
265 511
265 670
267 278
267 323
268 308
268 640
269 332
269 494
270 326
274 289
274 387
274 594
274 645
275 304
276 652
279 390
281 351
281 625
282 337
282 370
282 414
282 436
283 601
284 431
284 562
285 315
285 344
288 587
288 593
288 680
289 290
290 430
290 684
291 698
292 596
294 318
294 667
295 360
296 578
297 420
299 519
300 302
301 370
303 631
304 474
304 495
306 400
306 502
307 330
307 504
308 338
310 571
313 592
314 524
315 328
316 623
317 354
317 572
318 357
318 390
318 569
319 476
320 492
320 531
322 377
322 469
322 522
322 632
322 633
322 641
324 369
327 556
327 564
327 591
328 637
329 624
331 352
331 454
332 416
332 435
332 559
333 415
333 502
333 529
335 591
336 393
336 447
336 596
336 638
336 642
337 527
337 534
338 360
338 495
338 642
339 395
343 678
344 463
345 362
345 519
346 424
348 432
348 624
348 641
349 603
351 379
352 443
352 629
353 690
354 364
355 534
356 631
358 393
360 381
361 455
362 612
363 372
363 383
363 456
364 385
364 402
364 608
365 501
365 606
366 429
367 694
368 571
368 625
368 665
369 652
371 654
373 504
374 585
375 601
376 621
377 408
377 417
377 497
378 480
378 570
379 625
379 682
380 562
381 598
381 631
382 549
383 422
383 468
385 453
388 484
389 397
392 553
394 418
394 459
395 398
395 647
397 536
398 415
399 450
399 514
400 677
401 431
402 501
403 606
405 471
405 659
406 492
406 535
406 539
407 560
410 624
411 487
413 688
413 700
415 449
417 468
417 471
417 558
418 613
420 533
420 598
421 612
422 662
424 437
425 629
425 643
428 639
429 440
429 596
431 604
432 562
432 682
434 469
435 600
437 553
437 665
437 668
439 580
442 449
442 504
442 608
442 640
444 697
446 478
447 654
448 665
451 459
452 459
453 505
454 533
454 570
454 605
454 637
455 580
459 614
460 656
461 635
461 692
462 606
464 593
464 625
465 530
466 467
468 537
468 680
470 518
470 653
470 692
474 623
474 661
474 693
476 663
477 498
478 695
479 599
479 607
482 533
485 659
487 566
488 683
489 648
491 592
491 634
493 566
495 517
495 603
495 621
495 693
497 578
498 547
498 553
498 680
502 653
503 625
505 610
509 515
509 628
509 678
509 685
514 523
514 690
517 654
520 540
520 617
522 630
532 550
532 655
534 545
535 559
537 665
542 623
542 625
543 684
546 573
552 563
556 582
556 618
559 688
560 688
561 568
561 599
563 620
565 581
565 594
571 588
572 632
575 641
576 599
577 581
579 689
581 691
585 697
586 651
589 650
601 619
603 674
610 671
613 651
615 623
616 644
620 668
630 700
634 668
650 663
684 691
