1 200
200 229
1 82
1 130
2 169
3 107
3 139
4 43
5 24
6 21
6 49
6 153
6 186
7 27
7 39
7 40
7 62
7 100
7 174
8 140
9 183
10 102
10 140
10 197
11 92
11 122
12 25
12 29
12 44
12 138
12 160
13 102
14 62
14 166
14 174
14 196
15 135
16 24
16 59
17 198
18 95
18 108
19 121
19 143
20 66
21 142
22 156
22 187
23 35
24 88
24 115
25 80
25 97
25 138
26 170
27 39
27 76
27 106
28 90
28 146
29 125
29 133
29 163
29 176
29 195
30 117
30 124
30 137
30 164
30 166
31 64
31 176
32 75
32 96
32 104
33 99
33 162
33 178
34 40
34 170
34 173
34 188
34 193
35 153
36 37
38 90
38 98
38 147
38 181
39 125
40 135
40 154
42 46
42 99
44 68
44 150
45 77
45 93
45 102
45 128
46 63
46 165
47 92
47 195
48 106
49 97
49 136
49 199
51 91
51 137
52 92
52 181
55 92
55 188
56 128
56 188
57 63
60 66
60 131
61 110
61 114
61 120
61 157
61 200
62 76
62 135
63 115
64 196
65 102
66 100
66 196
67 69
68 126
69 129
70 101
70 138
70 150
72 83
73 90
73 144
74 98
74 200
75 192
76 185
76 198
76 199
77 141
78 185
79 128
80 93
80 97
80 171
81 85
81 197
82 159
84 99
84 136
84 173
84 192
85 106
85 107
86 153
86 167
88 114
90 125
93 131
93 192
96 106
96 141
97 123
97 139
98 138
98 167
99 168
99 196
101 122
102 195
104 193
105 139
105 186
108 145
113 130
114 124
115 158
117 118
117 140
118 159
118 169
119 141
119 173
120 195
121 153
124 185
124 190
125 174
126 151
127 134
127 140
128 152
128 188
129 136
130 144
131 132
134 170
136 164
136 197
142 174
144 168
145 187
146 192
150 193
152 154
153 175
154 157
154 198
155 182
156 158
157 197
158 176
160 162
161 163
161 178
162 174
166 169
168 178
169 195
170 189
171 174
172 197
176 192
178 184
