1 300
300 328
1 104
1 180
1 227
1 290
2 40
2 173
2 213
3 145
3 231
3 285
4 65
4 89
4 190
4 298
5 35
5 162
5 186
5 245
5 293
6 267
8 45
8 89
8 149
8 208
9 214
9 245
10 76
10 81
11 171
11 214
11 239
11 259
12 113
12 152
12 232
13 259
15 281
17 84
17 279
18 106
20 22
20 73
20 150
21 28
21 171
21 245
21 277
21 289
22 166
23 63
23 67
23 68
23 241
23 286
24 111
24 182
25 36
25 298
26 63
26 193
26 232
27 238
28 131
29 137
30 80
31 94
31 139
31 199
32 154
32 169
32 261
33 295
34 274
35 59
36 86
36 201
37 180
37 196
37 208
38 113
38 194
38 277
39 63
41 70
41 88
41 126
41 138
41 184
42 77
42 171
42 203
42 296
43 160
43 162
44 61
44 154
47 52
47 138
47 197
47 222
47 268
48 73
48 215
48 233
49 90
49 113
49 179
49 212
51 56
51 133
52 77
52 91
53 175
53 193
53 285
54 198
54 217
54 273
57 139
57 187
57 277
57 292
58 101
58 268
59 177
60 180
61 101
61 189
62 194
63 95
63 166
65 155
66 170
66 282
67 106
67 187
67 207
67 254
67 298
68 118
68 119
69 91
70 217
70 222
70 248
71 220
72 148
73 169
73 212
73 287
74 105
74 126
74 267
75 161
75 223
78 98
78 138
79 238
80 157
80 173
81 100
81 164
82 186
82 210
86 188
88 162
88 241
88 246
88 287
89 223
90 121
91 96
94 96
94 140
94 240
95 182
95 184
95 274
96 147
96 203
96 238
97 270
98 100
98 126
98 218
101 207
102 127
102 190
103 271
104 298
105 164
105 201
106 282
107 162
108 112
108 235
108 285
110 221
111 174
111 242
113 140
113 286
113 289
114 131
115 232
115 234
115 237
118 155
118 204
119 256
120 279
120 294
121 141
124 126
124 144
126 154
126 238
128 150
128 300
129 236
129 267
134 237
134 277
135 170
135 182
135 219
135 263
136 157
136 258
139 207
140 171
144 241
144 291
145 247
147 202
148 205
152 261
153 182
154 271
155 172
156 286
157 166
159 234
159 257
159 274
160 272
160 273
161 194
163 295
165 227
166 215
166 261
167 192
167 207
167 272
169 196
169 239
173 179
173 192
173 213
177 187
177 252
177 266
177 273
177 295
178 279
179 186
180 212
181 227
182 258
182 280
188 261
189 193
189 212
190 247
190 276
191 192
191 246
191 299
192 207
192 283
197 200
197 204
197 297
198 231
199 215
200 299
201 240
203 224
205 240
206 274
208 210
208 289
209 225
212 233
213 248
214 238
215 299
216 284
217 276
217 299
219 244
220 256
220 274
222 278
224 267
225 239
225 271
227 246
227 249
228 297
229 259
230 252
232 283
234 249
237 265
241 273
243 282
245 274
249 263
250 295
254 261
254 288
255 261
260 278
260 292
264 291
279 287
