1 600
600 1984
1 22
1 38
1 172
1 184
1 317
1 366
1 548
2 25
2 184
2 245
2 381
2 595
3 36
3 90
3 124
3 158
3 356
3 549
4 86
4 269
4 327
4 332
4 388
4 416
5 118
5 123
5 437
5 444
5 493
6 177
6 179
6 250
6 335
6 410
6 418
6 493
6 539
7 17
7 131
7 260
7 443
7 470
7 565
7 581
7 590
8 58
8 109
8 158
8 218
8 233
8 248
8 314
8 358
8 387
8 401
8 456
9 84
9 325
9 370
9 371
9 424
9 452
9 504
10 18
10 24
10 140
10 371
10 423
10 551
11 137
11 169
11 201
11 255
11 260
11 391
12 59
12 97
12 148
12 214
12 219
12 320
13 331
13 479
14 139
14 374
14 432
14 486
14 510
14 571
15 184
15 255
15 324
15 335
15 427
15 515
16 18
16 174
16 234
16 329
16 391
16 503
16 592
17 109
17 110
17 128
17 151
17 166
17 404
17 459
17 545
18 426
19 96
19 167
19 195
19 269
19 379
19 562
19 566
19 584
20 249
20 268
20 322
20 478
21 180
21 237
21 255
21 257
21 293
21 334
22 60
22 145
22 267
22 312
22 324
22 404
22 419
22 449
22 468
22 477
23 70
23 129
23 221
23 362
23 421
23 439
23 453
23 460
23 474
24 128
24 238
24 283
24 293
24 576
25 99
25 169
25 256
25 290
25 533
25 540
25 552
25 566
26 60
26 103
26 301
26 532
26 594
27 200
27 207
27 215
27 320
27 410
27 447
27 458
28 65
28 218
28 318
28 404
29 224
29 235
29 399
30 45
30 88
30 315
30 336
30 377
30 506
31 37
31 176
31 253
31 421
31 467
31 485
31 497
31 550
32 33
32 285
32 430
32 528
32 583
33 73
33 119
33 221
33 359
33 453
33 511
34 118
34 265
34 278
34 290
34 320
34 365
34 395
34 425
34 532
34 598
35 44
35 53
35 91
35 185
35 190
36 152
36 242
36 327
36 536
36 549
36 590
37 39
37 70
37 228
37 530
38 57
38 58
38 131
38 151
38 384
38 396
38 426
38 435
38 479
38 499
38 522
39 295
39 326
39 353
39 453
40 55
40 125
40 281
40 334
40 359
40 438
40 446
40 473
40 480
41 241
41 277
41 280
41 315
41 418
41 494
42 68
42 92
42 297
42 322
42 436
42 512
43 110
43 144
43 210
43 452
43 541
44 47
44 170
44 482
44 514
44 534
45 295
45 310
45 383
45 434
45 568
46 50
46 55
46 66
46 264
46 277
46 339
46 420
46 443
46 528
47 95
47 157
47 259
47 379
47 500
47 514
47 580
48 103
48 325
48 374
48 383
48 410
48 585
48 589
49 152
49 364
49 394
49 537
49 562
50 77
50 125
50 345
50 398
50 410
50 528
50 536
51 64
51 134
51 236
51 252
51 331
51 353
51 378
51 386
51 512
51 543
51 544
52 226
52 265
52 313
52 463
53 121
53 296
53 365
53 426
53 498
53 592
54 172
54 211
54 213
54 268
54 397
54 406
54 472
54 504
54 520
54 588
55 146
55 172
55 424
55 450
56 227
56 343
56 434
57 94
57 180
57 362
57 482
57 502
57 557
58 135
58 172
58 202
58 234
58 254
58 279
58 344
58 469
58 534
59 510
59 589
60 105
60 160
60 200
60 275
60 305
60 473
60 485
60 599
61 76
61 207
61 318
61 353
61 481
61 519
62 64
62 94
62 228
62 290
62 460
62 585
62 599
63 112
63 114
63 143
63 470
63 553
63 571
64 77
64 155
64 254
64 277
64 360
64 595
65 249
65 275
65 384
65 525
66 304
66 315
66 387
66 389
66 493
67 151
67 209
67 261
67 328
67 452
67 515
68 187
68 360
68 363
68 407
68 417
68 500
68 510
69 77
69 158
69 277
69 288
69 315
69 492
70 112
70 232
70 345
70 371
70 556
71 93
71 228
71 268
71 364
71 441
72 93
72 125
72 347
72 561
73 177
73 358
73 455
74 77
74 80
74 477
75 76
75 155
75 216
75 269
75 288
75 315
75 466
75 471
75 508
75 573
76 146
76 293
76 335
76 367
77 120
77 255
77 284
77 334
77 393
77 463
78 83
78 109
78 202
78 210
78 264
78 308
78 323
78 353
78 464
79 95
79 210
79 211
79 224
79 281
79 429
79 507
79 509
80 139
80 176
80 307
80 402
80 469
80 492
80 517
81 105
81 122
81 136
81 228
81 343
81 350
81 427
81 466
81 476
82 284
82 293
83 187
83 255
83 259
83 311
83 586
84 103
84 116
84 122
84 220
84 339
85 159
85 296
85 301
85 335
85 395
85 435
85 444
85 562
86 110
86 168
86 183
86 276
86 342
86 417
86 466
86 525
87 251
87 309
88 227
89 190
89 463
89 569
89 585
90 247
90 316
90 361
90 571
91 119
91 149
91 176
91 188
91 222
91 306
91 542
92 164
92 207
92 276
92 406
92 519
92 536
93 95
93 108
93 223
93 298
93 393
93 416
93 444
94 146
94 155
94 386
94 538
95 127
95 149
95 193
95 303
95 333
95 342
95 392
95 451
95 487
95 507
95 592
96 257
96 413
96 482
96 528
97 282
97 425
97 530
98 100
98 196
98 210
98 418
98 425
98 463
98 472
98 509
98 513
98 581
98 600
99 129
99 150
99 195
99 367
100 175
100 431
101 245
101 261
102 223
102 285
102 294
102 369
102 475
102 576
103 347
103 524
103 552
103 594
104 133
104 199
104 257
104 260
104 360
104 368
104 390
104 406
104 410
104 417
104 473
104 538
105 238
105 313
106 154
106 178
106 231
106 262
106 264
106 342
106 499
106 580
106 596
107 142
107 144
107 160
107 229
107 275
107 294
107 462
107 588
108 163
108 206
108 308
108 417
108 426
108 494
108 545
109 130
109 335
109 425
109 438
110 111
110 151
110 344
110 363
110 466
111 159
111 229
111 504
111 547
112 148
112 226
112 273
112 393
112 404
112 539
113 245
113 411
113 559
113 599
114 122
114 151
114 331
114 376
114 410
114 538
115 163
115 189
115 329
115 429
116 161
116 245
116 348
116 467
116 471
116 579
117 186
117 407
117 415
117 478
117 492
118 129
118 146
118 184
118 224
118 232
118 256
118 291
118 304
118 404
118 484
118 544
119 239
119 250
119 461
119 542
120 290
120 317
120 372
120 518
120 588
121 285
121 335
121 428
121 543
122 600
123 205
123 217
123 286
123 304
123 318
123 332
123 552
124 130
124 194
124 267
124 308
124 354
125 159
125 337
125 340
125 351
125 357
125 406
125 586
125 594
126 141
126 297
126 501
126 594
127 202
127 229
127 362
128 324
128 333
128 384
128 427
128 430
128 483
128 522
128 527
129 148
129 290
129 322
129 338
129 344
129 441
129 484
129 568
130 344
130 490
130 506
130 561
131 292
131 457
131 545
131 597
132 133
132 153
132 226
132 298
132 342
132 368
132 525
132 571
133 273
133 353
133 379
133 483
134 226
134 285
134 296
134 375
134 528
134 554
135 136
135 329
135 411
136 209
136 352
136 515
137 168
137 255
137 310
137 413
138 148
138 219
138 345
139 155
139 351
140 166
140 244
140 250
140 257
140 383
140 389
140 495
140 556
140 598
141 164
141 255
141 295
141 353
141 458
141 537
141 564
142 144
142 245
142 301
143 161
143 275
143 389
143 519
144 165
144 178
144 319
144 327
144 349
144 513
144 585
144 598
145 245
145 321
145 341
146 226
146 584
146 585
147 177
147 304
147 345
147 353
147 596
148 225
148 283
148 291
148 310
148 324
148 526
148 545
148 569
149 161
149 192
149 312
149 330
149 367
149 376
149 414
149 549
149 592
150 165
150 432
150 479
150 566
150 585
151 164
151 362
151 463
151 575
152 175
152 211
152 414
153 237
153 281
153 374
153 487
153 493
153 511
154 248
154 264
154 360
154 436
155 196
155 237
155 360
155 490
155 561
155 579
156 231
156 309
156 342
156 347
156 402
156 546
157 245
157 351
157 453
157 484
158 269
158 284
158 336
158 375
158 551
158 565
159 250
159 407
160 417
160 462
160 470
160 526
161 305
161 363
161 424
161 521
161 542
161 566
161 573
162 187
162 265
162 315
162 579
163 337
163 405
163 556
164 216
164 269
164 327
165 249
165 464
165 512
165 534
166 203
166 369
166 440
166 464
166 479
166 505
166 550
166 563
167 401
167 506
168 182
168 245
168 318
168 558
168 594
169 189
169 366
169 484
169 518
169 550
169 573
170 193
170 215
170 299
170 383
170 409
171 186
171 198
171 256
171 310
171 324
171 394
171 427
171 463
171 468
171 509
171 521
171 529
171 546
171 547
171 566
172 201
172 203
172 371
172 375
172 428
172 498
173 473
173 491
173 527
174 192
174 269
174 426
175 196
175 330
175 355
175 437
176 229
176 283
176 287
176 410
176 513
176 516
176 586
177 395
178 285
178 312
178 482
178 551
178 571
179 255
179 278
179 294
179 594
180 453
180 574
181 337
181 347
181 395
181 441
181 451
181 464
181 470
182 346
182 375
182 398
182 457
182 463
182 529
183 292
183 387
183 486
183 562
184 251
184 264
184 288
184 314
184 345
184 458
184 515
184 530
184 555
185 279
185 353
185 437
185 504
186 546
186 590
187 222
187 332
187 362
187 504
188 268
188 272
188 324
188 433
188 465
188 478
188 574
189 356
189 451
189 478
190 239
190 426
190 484
191 194
191 216
191 242
191 300
191 313
191 439
191 507
192 342
192 370
192 429
193 279
193 289
193 344
193 376
193 467
194 266
194 297
194 586
195 253
195 375
196 241
196 286
196 338
197 237
197 382
197 482
197 485
198 244
198 260
198 502
198 534
198 562
198 572
199 271
199 284
199 305
199 310
199 321
199 348
199 401
199 428
200 274
200 304
200 330
200 348
200 527
200 535
201 336
201 338
201 347
201 523
202 407
202 550
203 211
203 475
204 241
204 311
204 347
204 404
204 438
204 488
205 240
205 324
205 373
205 401
205 431
205 464
205 523
205 529
205 588
206 252
206 391
206 410
206 442
206 520
206 557
206 581
207 220
207 258
207 278
207 342
207 477
207 588
208 215
208 510
209 381
209 458
209 459
209 562
209 599
210 237
210 260
210 435
210 438
210 505
210 530
211 221
211 240
211 505
212 397
212 519
213 559
214 291
214 309
214 316
214 399
215 464
215 531
215 533
215 559
216 397
216 592
217 259
217 565
217 596
218 298
218 305
219 238
219 240
219 419
219 547
219 549
220 229
220 233
220 364
220 421
220 431
221 258
221 328
221 405
221 434
221 476
221 531
222 254
222 264
222 382
222 455
222 474
222 485
222 573
223 370
223 421
224 371
224 445
224 476
224 504
224 557
224 592
225 255
225 374
225 471
225 599
226 486
227 308
227 372
227 395
227 504
228 260
228 300
228 504
228 520
228 552
228 559
228 599
229 351
229 413
229 436
229 503
229 563
230 330
230 363
230 466
231 353
231 403
231 497
231 594
232 315
232 411
232 417
232 579
233 379
233 445
233 545
234 436
234 447
235 332
235 457
235 493
235 530
235 592
236 310
236 363
236 394
236 495
236 507
237 255
237 319
237 525
238 283
238 315
238 458
238 463
239 407
239 430
239 542
240 315
240 527
241 423
241 429
241 437
241 524
242 422
242 490
242 571
243 272
243 357
243 375
243 394
243 437
243 588
244 247
244 553
244 591
245 398
245 592
246 288
246 389
246 434
246 579
247 451
247 454
247 525
248 249
248 259
248 302
248 335
248 519
248 561
249 325
249 354
249 499
250 299
250 349
250 363
250 385
250 465
250 505
251 289
251 294
251 507
252 256
252 298
252 543
253 266
253 308
253 309
253 321
253 325
253 410
253 425
253 445
254 485
255 316
255 320
255 366
255 383
255 403
257 354
257 360
257 550
258 275
258 276
258 440
258 514
259 261
259 280
259 388
260 362
260 413
260 588
261 578
261 594
262 535
263 366
263 401
263 448
263 462
263 570
264 416
265 500
265 525
265 583
266 273
266 295
266 545
267 368
267 370
267 382
267 475
267 485
268 270
268 353
268 442
269 281
269 530
269 534
270 355
270 427
270 431
270 477
270 539
270 593
271 533
271 592
272 297
272 431
272 553
273 398
273 572
274 405
274 462
274 509
274 513
274 546
275 524
276 312
276 428
276 591
276 598
277 440
278 310
278 411
278 525
279 340
279 352
279 411
279 426
279 456
279 471
280 367
280 380
280 450
280 455
281 333
281 470
281 547
281 565
282 308
282 342
282 465
282 490
284 396
284 505
284 557
284 567
285 368
285 527
285 532
286 494
286 499
286 533
286 534
286 598
287 456
288 402
288 424
288 438
288 526
288 578
289 329
289 469
289 543
290 461
290 481
290 524
290 530
290 561
290 563
291 406
291 522
292 577
293 428
293 539
293 545
294 417
294 427
295 300
295 521
295 546
295 552
295 588
296 586
297 317
297 360
297 384
297 385
297 430
298 366
298 442
299 307
299 404
299 496
299 559
299 560
299 564
300 432
300 531
301 334
301 344
301 351
301 419
301 569
301 580
302 327
302 426
302 457
302 479
302 527
303 438
303 476
304 362
304 408
304 431
304 470
305 402
305 419
305 477
305 489
305 504
306 354
306 449
306 476
306 494
307 451
307 597
308 309
308 423
309 423
309 441
309 486
310 488
310 562
310 570
311 386
311 513
311 556
312 314
312 372
312 374
312 589
313 370
314 452
314 459
314 526
314 563
315 344
315 431
315 469
315 588
316 331
316 415
316 584
316 591
317 343
317 359
317 404
317 501
317 510
317 539
318 332
318 416
318 431
318 483
319 547
319 578
319 580
319 583
319 587
320 348
320 405
320 433
320 466
320 484
320 536
320 562
320 584
321 336
321 446
321 470
321 551
321 572
321 583
322 337
322 499
322 597
323 546
324 449
324 534
324 567
326 423
326 478
326 589
327 421
327 481
327 525
328 368
328 418
328 482
329 542
329 559
329 589
330 355
330 389
331 377
331 384
331 482
331 486
331 542
331 543
332 489
332 530
332 595
333 335
333 374
333 481
334 438
334 485
334 551
335 346
335 495
335 536
335 544
335 574
335 597
336 398
337 393
337 496
337 520
337 537
337 544
338 442
338 453
338 584
339 432
339 499
339 565
339 588
340 375
340 387
340 402
340 453
340 469
341 353
341 370
341 427
341 429
341 517
342 378
342 411
342 434
342 438
342 567
344 389
344 442
344 467
344 480
344 482
344 506
344 592
345 383
345 396
345 423
345 429
345 467
345 515
345 586
346 376
346 459
346 525
346 550
347 430
347 470
347 499
347 569
347 576
348 370
348 416
349 360
349 369
349 552
349 558
350 359
350 404
350 517
351 364
351 388
351 448
352 381
352 506
353 567
353 577
353 580
354 364
354 509
355 490
355 560
356 385
356 481
356 529
356 576
356 593
357 384
357 584
357 592
358 473
358 597
359 424
359 489
359 526
359 561
360 375
360 490
360 503
360 531
361 442
362 410
362 522
363 380
363 455
363 478
364 481
364 507
364 527
364 579
365 529
365 580
366 369
366 390
366 443
366 481
366 507
366 547
367 370
367 462
368 391
368 415
368 419
368 428
368 492
368 575
368 589
369 383
369 459
369 466
369 502
369 584
370 426
370 520
370 566
370 599
371 380
371 509
372 426
373 425
374 415
374 526
374 581
375 509
375 510
375 596
376 484
376 507
376 555
377 379
379 385
379 415
380 457
380 479
380 523
380 531
380 535
381 388
382 562
384 532
385 410
385 488
385 537
385 545
386 390
387 525
387 526
388 509
389 486
389 527
390 467
390 563
390 592
391 405
391 592
392 486
394 397
394 474
394 566
395 418
395 569
395 590
396 535
396 545
396 569
397 419
397 525
398 425
398 563
399 413
399 589
400 502
400 561
400 584
401 504
401 550
403 584
404 577
405 431
405 499
407 511
408 555
408 567
409 587
410 449
410 561
412 539
412 577
414 574
415 469
415 527
415 557
415 573
416 449
416 474
416 538
417 459
417 546
417 586
417 587
418 453
418 567
419 446
419 475
419 534
419 594
420 529
421 455
423 594
425 493
426 479
426 568
427 430
427 474
427 552
428 510
428 541
429 542
429 557
429 576
430 431
430 480
431 469
431 478
431 522
431 524
432 439
432 447
432 455
432 541
433 564
434 457
435 546
435 549
436 549
436 563
437 457
437 508
438 520
438 561
438 583
440 453
440 503
441 570
442 474
442 508
442 545
442 564
442 600
443 588
443 600
445 571
446 493
446 502
447 572
448 523
449 552
449 561
450 475
450 495
450 528
450 561
450 584
451 598
452 474
452 513
453 461
453 531
453 598
454 491
454 513
456 490
458 577
459 481
459 509
459 513
459 563
460 560
461 546
462 463
462 473
462 489
463 469
463 494
464 564
467 590
468 496
468 522
468 549
468 568
469 544
469 550
469 600
470 551
471 586
472 525
473 514
474 481
475 512
475 559
475 585
476 598
477 560
478 486
478 558
479 496
479 575
480 495
481 579
483 515
483 586
485 592
486 499
486 517
486 523
486 565
488 516
490 572
491 536
491 573
491 599
494 499
494 536
494 542
495 597
496 561
497 571
499 542
499 556
500 506
500 561
501 539
502 529
502 593
503 512
504 576
507 600
509 533
509 576
511 581
512 558
512 565
514 550
514 578
514 579
516 528
517 523
521 528
521 566
521 584
522 536
522 567
523 526
523 576
526 589
526 597
528 535
529 569
530 577
534 594
537 584
537 586
539 541
540 594
545 548
545 559
545 587
550 552
550 576
555 588
560 562
563 579
566 595
567 597
568 593
576 592
577 597
580 582
598 600
