1 500
500 539
1 18
2 75
3 97
3 281
3 382
3 437
4 8
4 106
4 233
5 451
6 173
6 458
7 334
8 347
8 456
9 221
9 241
9 381
11 311
12 117
12 482
13 153
13 469
14 150
14 429
14 469
15 229
15 292
15 344
15 493
16 269
17 239
17 316
18 110
19 235
19 238
19 334
19 442
20 99
20 144
20 201
20 370
22 46
22 185
22 336
22 339
24 55
24 147
24 169
24 245
24 320
25 37
25 500
27 188
27 218
27 225
27 336
28 87
28 221
30 363
31 354
31 412
32 336
32 428
33 432
34 70
35 180
35 242
35 288
35 455
36 116
36 441
37 50
41 113
41 334
41 380
41 442
42 79
42 322
43 250
43 499
44 311
44 373
44 388
45 76
45 265
45 347
45 386
45 413
47 162
47 451
48 69
48 161
49 203
49 234
50 54
50 424
50 495
51 97
51 163
51 210
52 81
52 212
52 290
52 479
53 239
54 367
55 199
55 392
55 393
56 256
57 76
57 84
57 134
57 205
58 69
58 251
58 384
59 419
59 433
60 384
60 491
61 103
61 202
61 495
61 498
62 280
62 305
64 82
64 133
64 401
64 443
65 175
66 300
66 319
66 420
66 491
67 180
67 409
67 440
69 105
69 106
70 408
70 450
72 89
73 110
73 428
74 165
74 361
75 191
75 234
75 338
75 422
75 445
79 80
80 203
80 278
81 259
82 262
82 369
82 465
82 478
83 439
84 392
84 489
85 122
85 210
86 204
86 391
86 457
88 367
88 398
88 421
88 477
89 280
89 297
89 489
91 331
91 429
92 198
94 343
94 347
95 123
95 164
95 257
95 280
95 450
97 205
97 295
97 318
97 430
98 274
98 275
100 137
100 407
101 181
101 430
102 292
103 355
103 436
104 478
105 374
105 419
107 135
107 278
108 200
108 282
109 149
109 340
109 406
110 361
110 446
111 179
112 131
112 320
113 132
113 354
114 426
115 166
115 351
116 172
117 300
117 488
118 281
118 446
119 143
119 269
120 219
120 270
121 481
121 484
123 255
123 359
125 223
127 191
127 234
127 451
128 152
128 299
128 450
128 477
130 331
130 480
131 205
131 332
131 417
132 180
132 213
132 434
132 456
133 234
133 246
133 349
133 383
133 490
134 380
134 460
135 214
135 271
135 286
135 492
136 387
136 444
137 151
137 268
137 352
138 360
139 249
139 293
139 356
139 427
141 184
141 353
142 221
142 306
142 496
143 337
143 367
143 484
144 150
144 197
144 322
144 340
144 343
144 394
145 313
145 361
145 459
146 373
146 474
147 178
148 248
149 154
149 313
149 409
149 414
150 267
150 445
151 395
151 471
152 410
152 439
152 462
152 469
154 156
154 301
155 377
155 496
155 500
156 412
157 336
158 404
158 429
159 341
160 372
160 416
160 477
164 217
164 347
164 454
165 234
165 370
166 419
166 476
167 302
168 271
168 357
168 397
170 329
171 405
172 334
173 491
176 218
177 432
177 486
178 310
179 223
179 249
180 353
181 287
182 211
182 372
183 416
185 467
186 226
186 263
186 296
186 320
186 376
188 424
189 268
189 443
190 269
190 422
191 221
191 361
191 381
193 394
194 235
195 370
195 410
195 424
196 255
198 236
198 340
201 348
201 452
202 229
203 279
204 330
204 434
204 464
205 211
205 336
205 367
206 353
207 318
207 422
207 442
208 292
208 306
208 353
211 328
211 470
212 312
212 408
212 433
213 319
213 393
213 487
216 265
216 491
218 258
218 378
218 490
219 377
228 358
228 394
230 412
232 391
232 449
233 330
235 379
236 440
237 343
237 377
238 297
238 475
239 364
242 411
242 495
246 442
246 459
247 460
247 493
247 495
249 305
249 338
249 403
250 478
251 272
251 334
255 335
256 311
257 358
257 390
257 460
258 349
258 406
259 267
260 296
260 391
261 484
261 490
262 358
263 387
263 435
264 343
265 272
266 391
267 282
270 422
271 486
272 432
273 490
274 494
275 346
275 429
275 465
276 306
276 498
277 377
278 426
280 368
281 289
281 321
281 401
281 438
284 325
285 303
285 405
285 492
287 355
287 415
288 435
290 359
293 418
294 495
295 353
298 322
298 347
299 349
300 416
303 382
304 471
307 436
308 353
309 351
310 499
312 379
312 411
313 363
316 415
316 420
317 443
318 375
320 498
321 407
323 403
324 445
325 396
326 335
328 460
329 342
331 490
337 377
338 471
342 459
353 359
353 381
355 421
358 467
361 381
361 416
363 401
364 463
367 368
367 428
368 432
368 441
369 475
374 442
375 482
382 407
385 416
386 468
388 436
389 489
390 399
394 396
398 448
401 467
403 418
405 494
406 415
407 476
412 431
412 484
422 436
423 438
426 438
442 483
445 456
447 475
456 466
459 481
459 485
467 468
471 485
