1 90
90 96
1 10
1 36
1 76
2 56
3 58
4 13
4 47
7 45
8 18
8 74
9 16
11 43
11 55
11 75
12 29
13 53
13 73
14 39
14 73
14 74
14 81
15 52
15 85
15 88
16 56
16 62
17 39
17 47
18 55
18 63
18 73
22 42
22 48
22 69
23 58
23 85
24 38
24 82
25 42
25 65
25 72
26 81
26 89
27 45
27 72
27 81
28 29
28 39
28 69
29 62
29 84
29 90
31 60
32 53
34 59
34 70
34 75
35 71
36 80
37 43
38 41
39 46
39 48
39 61
39 77
41 70
42 68
42 78
44 55
44 62
44 80
45 48
46 50
49 64
49 80
52 55
54 81
56 64
56 70
57 77
58 81
58 89
59 66
60 73
62 79
62 80
63 84
63 85
64 77
64 84
66 70
68 74
68 78
72 77
72 90
84 87
