1 80
80 86
1 62
3 12
3 28
3 73
4 32
4 34
4 36
4 42
5 16
5 40
5 67
6 69
7 17
7 18
7 79
8 48
8 56
9 22
9 73
10 31
10 76
11 32
12 16
12 17
13 24
13 60
14 17
14 47
15 38
15 66
15 72
15 75
15 79
16 36
16 47
16 49
16 55
17 33
18 38
19 44
19 45
20 39
20 55
21 61
22 27
22 32
24 34
24 42
25 54
25 58
28 29
30 80
31 72
32 33
34 37
34 56
34 57
35 37
35 47
35 51
35 55
35 66
35 78
36 64
40 59
40 69
41 63
41 73
42 61
43 71
43 78
45 61
46 67
48 55
49 50
49 55
49 57
52 70
52 77
52 78
53 70
57 60
58 67
62 72
67 80
74 78
