1 900
900 9848
1 48
1 154
1 238
1 255
1 276
1 356
1 398
1 445
1 465
1 520
1 530
1 532
1 536
1 542
1 564
1 601
1 605
1 617
1 636
1 705
1 883
2 56
2 76
2 104
2 129
2 156
2 407
2 541
2 610
2 669
2 688
2 711
2 782
2 808
2 812
2 832
2 848
2 864
3 53
3 68
3 151
3 169
3 194
3 302
3 363
3 401
3 410
3 494
3 553
3 554
3 589
3 595
3 686
3 714
3 874
4 15
4 32
4 85
4 86
4 119
4 179
4 183
4 196
4 209
4 287
4 301
4 321
4 365
4 423
4 444
4 447
4 457
4 476
4 482
4 503
4 551
4 567
4 590
4 700
4 773
4 812
5 25
5 36
5 55
5 63
5 88
5 162
5 167
5 181
5 216
5 240
5 255
5 265
5 326
5 438
5 591
5 631
5 638
5 659
5 676
5 730
5 739
5 832
5 835
5 839
5 843
6 87
6 109
6 216
6 268
6 270
6 291
6 348
6 482
6 484
6 489
6 496
6 572
6 624
6 657
6 687
6 728
6 790
6 825
6 830
6 845
7 72
7 129
7 135
7 172
7 274
7 330
7 472
7 499
7 527
7 545
7 593
7 613
7 614
7 795
7 815
7 842
8 26
8 30
8 134
8 184
8 210
8 227
8 229
8 261
8 370
8 374
8 406
8 408
8 468
8 517
8 542
8 552
8 563
8 573
8 608
8 658
8 746
8 774
8 824
8 833
9 40
9 47
9 72
9 95
9 158
9 186
9 293
9 360
9 410
9 447
9 506
9 510
9 511
9 539
9 578
9 796
9 838
9 881
10 22
10 24
10 102
10 174
10 231
10 391
10 419
10 608
10 632
10 701
10 745
10 756
10 821
10 886
10 887
11 25
11 39
11 93
11 101
11 133
11 300
11 306
11 352
11 375
11 382
11 415
11 484
11 575
11 584
11 595
11 603
11 677
11 718
11 726
11 794
11 848
11 854
11 872
12 167
12 169
12 254
12 263
12 286
12 293
12 386
12 464
12 546
12 569
12 586
12 659
12 736
12 826
12 898
13 98
13 124
13 150
13 154
13 155
13 164
13 165
13 291
13 320
13 329
13 344
13 417
13 464
13 493
13 515
13 518
13 618
13 633
13 646
13 673
13 690
13 727
13 733
13 749
13 795
13 817
13 878
14 69
14 80
14 97
14 113
14 139
14 155
14 164
14 199
14 231
14 282
14 288
14 289
14 355
14 357
14 405
14 446
14 474
14 490
14 600
14 624
14 645
14 668
14 793
15 134
15 151
15 169
15 174
15 206
15 207
15 237
15 387
15 430
15 438
15 465
15 584
15 611
15 618
15 747
15 749
15 784
15 800
15 838
15 884
15 885
16 17
16 35
16 39
16 60
16 91
16 93
16 145
16 283
16 317
16 438
16 455
16 493
16 510
16 515
16 692
16 705
16 743
16 804
16 820
16 821
16 846
16 862
16 893
17 68
17 133
17 168
17 289
17 292
17 345
17 416
17 421
17 503
17 522
17 551
17 562
17 580
17 642
17 645
17 818
17 878
18 31
18 59
18 73
18 147
18 196
18 238
18 257
18 279
18 350
18 394
18 405
18 422
18 444
18 461
18 513
18 514
18 539
18 660
18 673
18 682
18 728
18 768
18 771
18 783
18 815
19 32
19 41
19 135
19 137
19 204
19 256
19 273
19 281
19 325
19 398
19 431
19 571
19 595
19 624
19 677
19 692
19 709
19 712
19 807
20 190
20 214
20 228
20 243
20 266
20 277
20 281
20 339
20 392
20 402
20 408
20 486
20 493
20 544
20 572
20 582
20 635
20 702
20 704
20 736
20 766
20 778
20 785
20 793
20 851
21 30
21 61
21 69
21 130
21 197
21 201
21 217
21 253
21 330
21 374
21 539
21 556
21 615
21 690
21 692
21 707
21 708
21 710
21 773
21 838
22 101
22 146
22 153
22 171
22 197
22 206
22 210
22 303
22 329
22 383
22 478
22 498
22 592
22 593
22 595
22 653
22 763
22 783
22 882
23 28
23 351
23 395
23 436
23 518
23 577
23 586
23 625
23 638
23 648
23 723
23 742
23 762
23 826
23 859
24 102
24 105
24 120
24 169
24 187
24 226
24 239
24 250
24 311
24 365
24 368
24 407
24 414
24 418
24 467
24 495
24 510
24 522
24 621
24 686
24 709
24 740
24 791
24 826
24 843
24 879
25 41
25 63
25 70
25 94
25 160
25 201
25 297
25 342
25 349
25 433
25 451
25 477
25 482
25 547
25 577
25 580
25 587
25 611
25 667
25 702
25 732
25 770
25 818
25 821
25 828
25 840
25 865
26 31
26 60
26 64
26 69
26 101
26 102
26 152
26 210
26 251
26 265
26 290
26 298
26 364
26 383
26 399
26 432
26 449
26 502
26 531
26 547
26 569
26 580
26 586
26 630
26 681
26 771
26 790
27 39
27 46
27 50
27 96
27 114
27 163
27 198
27 212
27 241
27 355
27 448
27 450
27 461
27 466
27 538
27 539
27 572
27 600
27 617
27 633
27 701
27 746
27 775
27 807
27 828
27 888
28 43
28 56
28 135
28 192
28 214
28 301
28 311
28 340
28 377
28 469
28 496
28 514
28 617
28 746
28 779
28 817
28 821
28 831
28 847
29 84
29 109
29 320
29 374
29 606
29 608
29 627
29 631
29 632
29 662
29 719
29 765
29 781
29 798
29 805
29 811
29 826
29 847
29 850
29 857
30 35
30 46
30 113
30 179
30 203
30 224
30 234
30 300
30 308
30 345
30 403
30 513
30 562
30 626
30 662
30 690
30 708
30 772
30 797
30 820
30 898
31 40
31 111
31 129
31 188
31 211
31 225
31 293
31 337
31 410
31 420
31 471
31 546
31 586
31 672
31 720
31 786
31 793
31 796
31 810
31 844
31 873
31 893
32 56
32 89
32 118
32 135
32 141
32 144
32 335
32 387
32 463
32 529
32 559
32 625
32 637
32 647
32 653
32 676
32 735
32 809
32 850
32 871
33 80
33 81
33 147
33 169
33 225
33 242
33 286
33 287
33 290
33 403
33 420
33 433
33 445
33 472
33 496
33 565
33 633
33 641
33 647
33 655
33 756
33 788
33 822
33 843
33 845
33 872
34 41
34 114
34 120
34 143
34 184
34 192
34 217
34 235
34 354
34 375
34 408
34 442
34 506
34 740
34 760
34 830
35 63
35 100
35 102
35 140
35 241
35 242
35 276
35 315
35 365
35 407
35 419
35 437
35 475
35 517
35 528
35 545
35 607
35 609
35 659
35 691
35 810
35 858
35 874
35 877
36 101
36 166
36 193
36 213
36 262
36 284
36 306
36 485
36 496
36 570
36 627
36 639
36 688
36 728
36 764
36 886
37 38
37 43
37 104
37 152
37 227
37 301
37 344
37 414
37 523
37 620
37 649
37 688
37 821
37 822
37 873
37 880
38 273
38 299
38 329
38 342
38 390
38 394
38 409
38 444
38 491
38 512
38 560
38 674
38 823
39 43
39 51
39 133
39 212
39 280
39 309
39 343
39 349
39 384
39 474
39 586
39 633
39 676
39 823
39 850
39 870
39 898
40 62
40 64
40 102
40 145
40 154
40 193
40 217
40 264
40 270
40 291
40 310
40 409
40 455
40 481
40 487
40 531
40 591
40 606
40 663
40 719
40 720
40 737
40 870
40 881
41 98
41 130
41 385
41 401
41 419
41 421
41 426
41 583
41 614
41 630
41 635
41 646
41 663
41 702
41 715
41 734
41 817
41 872
42 199
42 233
42 338
42 378
42 412
42 441
42 566
42 656
42 672
42 688
42 716
42 768
42 786
42 802
42 857
42 888
43 195
43 217
43 308
43 318
43 392
43 434
43 459
43 560
43 564
43 576
43 605
43 611
43 671
43 681
43 734
43 761
43 812
43 872
44 94
44 184
44 205
44 221
44 246
44 271
44 304
44 313
44 380
44 433
44 471
44 545
44 580
44 645
44 683
44 719
44 721
44 736
44 805
44 816
44 900
45 49
45 82
45 129
45 153
45 161
45 168
45 186
45 209
45 283
45 308
45 311
45 325
45 405
45 431
45 449
45 617
45 644
45 650
45 651
45 689
45 692
45 770
45 831
45 851
45 883
46 56
46 248
46 297
46 351
46 402
46 528
46 557
46 585
46 604
46 675
46 732
46 765
46 769
46 784
46 855
46 896
47 56
47 96
47 264
47 282
47 294
47 301
47 303
47 305
47 358
47 365
47 407
47 409
47 429
47 443
47 485
47 503
47 510
47 514
47 554
47 647
47 700
47 769
47 805
47 812
47 838
47 846
47 898
48 114
48 224
48 260
48 295
48 393
48 427
48 439
48 453
48 501
48 517
48 627
48 717
48 787
48 822
49 67
49 96
49 109
49 121
49 136
49 165
49 200
49 228
49 277
49 309
49 344
49 348
49 395
49 424
49 438
49 506
49 518
49 572
49 629
49 662
49 676
49 699
49 725
49 739
49 822
49 827
49 830
50 60
50 71
50 115
50 192
50 251
50 267
50 272
50 346
50 364
50 380
50 435
50 467
50 488
50 493
50 522
50 566
50 586
50 598
50 625
50 638
50 655
50 661
50 738
50 747
50 806
50 861
51 85
51 188
51 192
51 198
51 217
51 243
51 345
51 377
51 428
51 435
51 453
51 481
51 493
51 528
51 563
51 616
51 626
51 756
51 794
51 821
51 828
51 842
51 872
52 116
52 164
52 209
52 291
52 296
52 350
52 380
52 416
52 490
52 534
52 576
52 584
52 591
52 593
52 606
52 685
52 748
52 778
52 801
52 849
53 59
53 69
53 96
53 167
53 187
53 189
53 427
53 449
53 513
53 514
53 570
53 662
53 678
53 690
53 722
53 726
53 790
53 887
53 900
54 132
54 136
54 162
54 182
54 217
54 246
54 255
54 318
54 385
54 405
54 409
54 431
54 447
54 471
54 483
54 488
54 523
54 586
54 602
54 606
54 671
54 686
54 688
54 701
54 707
54 717
54 749
54 760
54 765
54 772
54 797
54 815
54 837
54 890
55 56
55 94
55 99
55 113
55 165
55 174
55 210
55 237
55 323
55 447
55 516
55 657
55 667
55 681
55 723
56 170
56 181
56 183
56 200
56 235
56 277
56 338
56 342
56 353
56 404
56 425
56 428
56 520
56 589
56 591
56 625
56 630
56 718
56 826
56 838
56 898
56 899
57 150
57 317
57 319
57 337
57 363
57 461
57 471
57 476
57 482
57 486
57 528
57 544
57 601
57 631
57 663
57 711
57 712
57 725
57 815
57 869
57 893
58 70
58 96
58 118
58 230
58 261
58 285
58 300
58 317
58 329
58 333
58 346
58 421
58 435
58 505
58 507
58 510
58 526
58 542
58 628
58 631
58 730
58 733
58 803
58 819
59 75
59 111
59 134
59 180
59 189
59 253
59 315
59 330
59 364
59 432
59 507
59 526
59 566
59 670
59 689
59 743
59 850
59 858
59 859
60 77
60 145
60 164
60 203
60 250
60 339
60 362
60 418
60 419
60 495
60 531
60 550
60 579
60 603
60 620
60 660
60 731
60 738
60 746
60 786
60 836
60 869
61 92
61 113
61 150
61 151
61 195
61 205
61 212
61 232
61 402
61 419
61 436
61 524
61 546
61 557
61 561
61 632
61 653
61 655
61 666
61 706
61 712
61 883
61 890
62 169
62 195
62 199
62 213
62 221
62 250
62 259
62 311
62 348
62 432
62 473
62 474
62 481
62 551
62 588
62 589
62 786
62 791
62 807
63 152
63 333
63 366
63 487
63 503
63 510
63 559
63 573
63 620
63 632
63 735
63 791
63 816
63 829
63 843
63 871
64 177
64 207
64 233
64 334
64 424
64 433
64 441
64 487
64 663
64 690
64 701
64 717
64 747
64 779
64 782
64 790
64 805
64 830
65 111
65 123
65 125
65 165
65 172
65 180
65 206
65 277
65 313
65 372
65 375
65 418
65 457
65 464
65 548
65 588
65 601
65 619
65 637
65 702
65 731
65 769
65 804
65 813
65 837
66 104
66 130
66 195
66 225
66 226
66 240
66 258
66 262
66 317
66 396
66 404
66 443
66 445
66 453
66 493
66 586
66 629
66 673
66 771
66 827
66 832
66 889
67 77
67 129
67 198
67 202
67 278
67 306
67 432
67 438
67 454
67 503
67 514
67 560
67 564
67 740
67 744
67 857
68 196
68 216
68 256
68 286
68 296
68 318
68 359
68 435
68 542
68 559
68 578
68 630
68 688
68 704
68 729
68 751
68 778
68 828
69 92
69 187
69 190
69 197
69 204
69 307
69 364
69 374
69 397
69 404
69 421
69 465
69 479
69 506
69 538
69 599
69 630
69 667
69 715
69 851
70 237
70 264
70 283
70 299
70 487
70 508
70 515
70 572
70 604
70 618
70 743
70 793
70 856
70 867
71 72
71 92
71 118
71 148
71 151
71 244
71 262
71 294
71 324
71 351
71 387
71 402
71 428
71 434
71 474
71 501
71 554
71 632
71 642
71 825
71 868
71 887
72 111
72 128
72 129
72 132
72 135
72 205
72 230
72 232
72 296
72 377
72 394
72 430
72 444
72 468
72 496
72 549
72 554
72 558
72 574
72 579
72 582
72 625
72 636
72 797
72 813
72 828
72 858
73 84
73 133
73 145
73 163
73 174
73 191
73 274
73 284
73 300
73 477
73 479
73 512
73 523
73 539
73 542
73 640
73 776
73 818
74 78
74 180
74 204
74 210
74 270
74 279
74 293
74 307
74 332
74 388
74 398
74 400
74 437
74 440
74 505
74 570
74 674
74 706
74 766
74 778
74 858
75 80
75 99
75 154
75 187
75 195
75 229
75 288
75 368
75 372
75 391
75 456
75 483
75 495
75 499
75 592
75 610
75 617
75 642
75 762
75 836
76 142
76 146
76 172
76 176
76 204
76 322
76 352
76 369
76 389
76 451
76 455
76 484
76 759
76 811
76 840
76 850
76 854
76 863
77 82
77 195
77 220
77 251
77 318
77 319
77 382
77 471
77 473
77 492
77 551
77 583
77 590
77 600
77 606
77 615
78 155
78 192
78 241
78 376
78 415
78 442
78 447
78 530
78 535
78 536
78 553
78 601
78 667
78 673
78 677
78 680
78 702
78 774
78 790
78 801
78 829
78 832
78 842
79 200
79 244
79 253
79 255
79 384
79 425
79 446
79 535
79 654
79 703
79 704
79 741
79 807
79 829
79 835
79 846
79 866
79 879
80 96
80 158
80 190
80 215
80 225
80 238
80 282
80 301
80 350
80 362
80 381
80 385
80 390
80 518
80 537
80 560
80 575
80 633
80 646
80 653
80 659
80 786
80 856
81 179
81 237
81 288
81 418
81 445
81 489
81 519
81 534
81 589
81 604
81 637
81 685
81 701
81 716
81 730
81 766
81 802
81 803
82 153
82 160
82 174
82 210
82 221
82 243
82 291
82 292
82 368
82 395
82 423
82 484
82 543
82 546
82 557
82 674
82 727
82 740
82 808
82 819
82 821
82 842
82 852
82 858
83 93
83 139
83 149
83 183
83 209
83 227
83 244
83 285
83 333
83 342
83 416
83 462
83 558
83 616
83 641
83 646
83 652
83 748
83 769
83 793
83 798
83 829
84 119
84 123
84 145
84 167
84 205
84 216
84 262
84 287
84 351
84 416
84 462
84 572
84 590
84 607
84 626
84 680
84 747
84 754
84 803
84 823
84 893
85 119
85 128
85 153
85 161
85 164
85 187
85 214
85 354
85 387
85 417
85 612
85 663
85 693
85 763
85 766
85 823
85 897
86 139
86 140
86 188
86 333
86 374
86 382
86 424
86 431
86 531
86 587
86 611
86 654
86 661
86 688
86 736
86 761
86 856
86 875
87 166
87 180
87 192
87 234
87 275
87 308
87 423
87 473
87 592
87 635
87 643
87 769
87 773
87 832
87 859
87 868
88 126
88 141
88 146
88 177
88 180
88 235
88 312
88 383
88 395
88 429
88 644
88 865
89 124
89 127
89 128
89 149
89 150
89 215
89 279
89 309
89 346
89 481
89 672
89 690
89 743
89 791
89 883
90 160
90 221
90 295
90 315
90 323
90 432
90 441
90 510
90 521
90 530
90 531
90 548
90 566
90 663
90 692
90 764
91 184
91 231
91 248
91 266
91 364
91 418
91 497
91 498
91 522
91 527
91 598
91 679
91 785
92 146
92 158
92 174
92 178
92 250
92 264
92 337
92 342
92 411
92 440
92 573
92 579
92 605
92 617
92 629
92 649
92 672
92 674
92 722
92 727
92 761
92 792
92 798
92 833
93 106
93 174
93 198
93 215
93 251
93 339
93 388
93 408
93 412
93 454
93 482
93 493
93 568
93 572
93 617
93 652
93 687
93 692
93 763
93 777
93 865
93 881
93 898
94 210
94 223
94 245
94 257
94 370
94 375
94 385
94 389
94 507
94 604
94 622
94 666
94 667
94 700
94 713
94 717
94 830
94 838
94 843
94 846
94 894
95 116
95 144
95 178
95 240
95 272
95 305
95 315
95 394
95 396
95 427
95 443
95 475
95 526
95 605
95 631
95 640
95 643
95 667
95 733
95 767
95 811
96 126
96 178
96 190
96 244
96 262
96 310
96 354
96 384
96 423
96 473
96 515
96 529
96 589
96 629
96 777
96 778
96 855
96 887
97 277
97 289
97 368
97 386
97 426
97 525
97 723
97 734
97 751
97 760
97 791
97 806
97 813
97 827
97 831
97 867
98 117
98 205
98 246
98 258
98 269
98 295
98 336
98 341
98 355
98 358
98 487
98 509
98 566
98 576
98 670
98 709
98 712
98 720
98 773
98 782
98 810
98 833
98 845
98 895
99 135
99 136
99 162
99 175
99 190
99 243
99 274
99 275
99 303
99 332
99 343
99 365
99 383
99 407
99 410
99 412
99 434
99 443
99 471
99 562
99 588
99 626
99 738
99 878
99 898
100 125
100 143
100 197
100 237
100 317
100 347
100 383
100 513
100 556
100 565
100 570
100 590
100 626
100 670
100 671
100 697
100 704
100 725
100 750
100 777
100 781
100 810
100 812
100 825
100 833
100 856
101 135
101 137
101 179
101 191
101 239
101 242
101 250
101 315
101 319
101 341
101 369
101 406
101 417
101 423
101 477
101 558
101 563
101 578
101 724
101 728
101 730
101 743
101 770
101 819
101 825
101 848
102 131
102 135
102 138
102 143
102 305
102 315
102 410
102 429
102 458
102 468
102 484
102 528
102 553
102 569
102 573
102 585
102 629
102 636
102 640
102 663
102 671
102 727
102 763
102 778
102 779
102 786
102 820
102 887
103 105
103 107
103 109
103 205
103 220
103 239
103 367
103 380
103 428
103 559
103 560
103 571
103 573
103 648
103 688
103 788
104 156
104 173
104 207
104 249
104 252
104 314
104 327
104 381
104 446
104 457
104 564
104 715
104 727
104 804
104 831
104 834
104 863
105 196
105 232
105 267
105 318
105 378
105 396
105 416
105 440
105 473
105 516
105 534
105 576
105 578
105 621
105 629
105 742
105 752
105 798
105 847
106 124
106 141
106 163
106 261
106 268
106 290
106 291
106 302
106 332
106 342
106 386
106 395
106 462
106 509
106 632
106 706
106 707
106 712
106 787
106 835
106 862
107 119
107 191
107 232
107 276
107 285
107 303
107 308
107 354
107 417
107 463
107 487
107 546
107 547
107 553
107 560
107 589
107 655
107 662
107 673
107 679
107 682
107 685
107 747
107 751
107 787
107 861
107 875
107 886
108 109
108 119
108 156
108 162
108 197
108 201
108 302
108 333
108 398
108 419
108 422
108 441
108 497
108 526
108 835
109 190
109 199
109 224
109 239
109 243
109 282
109 337
109 401
109 424
109 435
109 444
109 458
109 510
109 540
109 549
109 573
109 613
109 657
109 688
109 694
109 738
109 828
109 845
109 862
110 114
110 154
110 166
110 205
110 234
110 252
110 322
110 323
110 543
110 571
110 585
110 627
110 663
110 678
110 739
110 769
110 867
111 126
111 186
111 227
111 301
111 304
111 331
111 333
111 358
111 370
111 376
111 407
111 494
111 512
111 533
111 580
111 599
111 640
111 659
111 672
111 678
111 723
111 755
111 768
111 780
111 785
111 786
111 829
111 873
111 886
112 123
112 153
112 175
112 186
112 257
112 276
112 358
112 436
112 472
112 503
112 525
112 541
112 563
112 570
112 583
112 632
112 657
112 677
112 787
112 844
113 140
113 176
113 190
113 204
113 205
113 215
113 310
113 323
113 377
113 407
113 486
113 488
113 493
113 555
113 561
113 571
113 610
113 664
113 697
113 706
113 740
113 744
113 759
113 803
113 812
113 871
114 217
114 295
114 377
114 384
114 385
114 415
114 431
114 437
114 467
114 485
114 557
114 601
114 665
114 728
114 773
114 799
114 803
115 190
115 265
115 361
115 381
115 409
115 430
115 451
115 597
115 636
115 688
115 709
115 721
115 759
115 850
115 852
115 863
116 118
116 125
116 237
116 240
116 251
116 296
116 349
116 379
116 417
116 428
116 430
116 512
116 544
116 546
116 560
116 570
116 576
116 662
116 670
116 748
116 810
116 858
116 885
117 120
117 173
117 180
117 201
117 226
117 285
117 300
117 301
117 321
117 441
117 479
117 520
117 521
117 527
117 551
117 617
117 618
117 682
117 717
117 856
117 876
117 877
118 149
118 153
118 222
118 249
118 291
118 323
118 439
118 477
118 504
118 510
118 525
118 526
118 588
118 620
118 626
118 761
118 828
119 140
119 147
119 218
119 224
119 254
119 268
119 308
119 383
119 430
119 432
119 436
119 442
119 488
119 654
119 760
120 121
120 126
120 143
120 155
120 249
120 269
120 282
120 334
120 413
120 490
120 492
120 500
120 540
120 584
120 616
120 647
120 699
120 742
120 811
121 148
121 302
121 383
121 387
121 437
121 491
121 508
121 512
121 559
121 575
121 588
121 590
121 623
121 633
121 672
121 691
121 744
121 784
121 823
121 830
121 890
122 147
122 153
122 181
122 217
122 248
122 264
122 324
122 330
122 428
122 537
122 538
122 610
122 624
122 651
122 672
122 689
122 710
122 827
122 843
122 874
122 885
123 138
123 239
123 242
123 258
123 274
123 284
123 346
123 357
123 423
123 454
123 618
123 648
123 655
123 669
123 686
123 716
123 835
123 898
124 212
124 214
124 254
124 264
124 322
124 416
124 479
124 594
124 729
124 865
125 140
125 147
125 177
125 190
125 214
125 283
125 419
125 423
125 426
125 467
125 482
125 545
125 564
125 643
125 688
125 838
125 863
125 878
126 130
126 158
126 197
126 234
126 237
126 273
126 275
126 428
126 456
126 494
126 499
126 523
126 537
126 564
126 597
126 599
126 630
126 634
126 667
126 679
126 802
126 803
126 876
127 130
127 207
127 215
127 243
127 248
127 428
127 477
127 491
127 608
127 630
127 674
127 723
127 740
127 774
127 873
127 892
128 150
128 151
128 203
128 330
128 348
128 422
128 436
128 524
128 597
128 618
128 748
128 763
128 797
128 892
129 182
129 190
129 206
129 425
129 504
129 512
129 545
129 603
129 689
129 715
129 780
129 791
129 794
129 875
130 136
130 181
130 299
130 304
130 310
130 320
130 345
130 385
130 516
130 578
130 654
130 706
130 790
130 791
130 839
130 845
130 890
131 147
131 177
131 215
131 247
131 280
131 360
131 387
131 403
131 457
131 531
131 537
131 547
131 572
131 595
131 596
131 610
131 611
131 617
131 622
131 713
131 745
131 777
131 813
132 206
132 238
132 240
132 247
132 250
132 253
132 382
132 473
132 491
132 510
132 539
132 552
132 582
132 607
132 655
132 738
132 772
132 838
132 869
132 871
132 874
133 161
133 239
133 242
133 281
133 287
133 288
133 351
133 403
133 412
133 438
133 441
133 467
133 470
133 471
133 517
133 523
133 622
133 641
133 660
133 803
133 821
134 165
134 177
134 178
134 309
134 322
134 335
134 360
134 377
134 391
134 421
134 510
134 529
134 534
134 622
134 656
134 709
134 718
134 724
134 737
134 740
134 808
134 895
135 295
135 333
135 396
135 399
135 445
135 456
135 459
135 576
135 587
135 850
136 165
136 167
136 174
136 195
136 232
136 242
136 252
136 271
136 469
136 517
136 536
136 581
136 585
136 658
136 672
136 683
136 688
136 715
136 721
136 723
136 724
136 778
136 819
136 842
136 859
136 886
137 187
137 239
137 313
137 355
137 366
137 447
137 527
137 562
137 666
137 695
137 711
137 767
138 169
138 221
138 225
138 358
138 502
138 506
138 550
138 561
138 562
138 567
138 682
138 701
138 840
138 858
139 155
139 160
139 164
139 202
139 255
139 401
139 520
139 539
139 634
139 703
139 721
139 735
139 749
139 850
140 296
140 363
140 378
140 391
140 395
140 433
140 599
140 616
140 643
140 708
140 751
140 803
140 804
140 833
140 846
140 850
141 151
141 224
141 231
141 233
141 236
141 287
141 360
141 377
141 384
141 430
141 460
141 516
141 562
141 621
141 711
141 760
141 772
141 774
141 796
141 825
141 862
141 873
141 877
142 265
142 289
142 336
142 340
142 364
142 477
142 508
142 600
142 641
142 721
142 754
142 772
142 804
143 152
143 223
143 265
143 355
143 369
143 603
143 644
143 658
143 691
143 718
143 748
143 841
143 847
143 877
143 885
143 896
144 176
144 194
144 282
144 285
144 338
144 355
144 417
144 420
144 435
144 440
144 468
144 499
144 555
144 654
144 678
144 801
144 810
144 823
144 828
144 878
144 898
145 219
145 332
145 342
145 372
145 394
145 422
145 499
145 531
145 537
145 567
145 600
145 630
145 669
145 689
145 716
145 720
145 756
145 789
145 865
146 186
146 225
146 241
146 247
146 284
146 323
146 340
146 397
146 452
146 528
146 589
146 644
146 710
146 779
146 801
146 824
146 898
147 175
147 310
147 341
147 372
147 379
147 401
147 426
147 450
147 487
147 539
147 583
147 588
147 593
147 764
147 832
147 851
147 895
148 173
148 216
148 218
148 365
148 407
148 449
148 454
148 470
148 488
148 560
148 576
148 594
148 610
148 719
148 798
148 879
148 883
149 158
149 171
149 218
149 261
149 301
149 393
149 413
149 448
149 527
149 559
149 606
149 636
149 685
149 737
149 746
149 795
150 155
150 157
150 172
150 206
150 212
150 230
150 247
150 258
150 342
150 377
150 384
150 421
150 510
150 541
150 572
150 577
150 597
150 641
150 758
150 781
150 829
151 212
151 218
151 220
151 221
151 245
151 263
151 290
151 335
151 372
151 476
151 489
151 523
151 629
151 666
151 682
151 718
151 722
151 773
151 899
152 155
152 243
152 309
152 395
152 411
152 462
152 483
152 511
152 543
152 546
152 581
152 627
152 634
152 656
152 683
152 689
152 786
152 812
152 828
152 831
152 876
153 205
153 274
153 328
153 335
153 339
153 340
153 352
153 356
153 388
153 465
153 483
153 558
153 661
153 707
153 719
153 727
153 729
153 738
153 841
153 876
154 194
154 209
154 230
154 317
154 414
154 435
154 444
154 456
154 464
154 469
154 487
154 520
154 569
154 592
154 647
154 729
154 821
154 858
154 866
154 871
154 885
154 893
155 174
155 206
155 253
155 259
155 318
155 347
155 351
155 353
155 388
155 449
155 464
155 468
155 559
155 569
155 615
155 650
155 660
155 714
155 728
155 794
155 834
155 868
155 889
155 891
156 160
156 164
156 214
156 277
156 335
156 385
156 470
156 514
156 523
156 598
156 606
156 628
156 640
156 678
156 755
156 779
156 809
156 823
156 835
157 166
157 254
157 319
157 357
157 359
157 431
157 441
157 453
157 470
157 473
157 492
157 510
157 555
157 696
157 712
157 848
157 879
157 881
157 888
158 161
158 177
158 205
158 230
158 257
158 309
158 325
158 353
158 445
158 519
158 573
158 586
158 614
158 617
158 640
158 665
158 724
158 725
158 757
158 767
158 770
158 775
158 799
158 878
158 895
159 187
159 189
159 384
159 470
159 590
159 623
159 629
159 732
159 741
159 789
159 810
159 821
159 851
160 196
160 229
160 258
160 262
160 411
160 415
160 517
160 522
160 528
160 576
160 597
160 661
160 669
160 697
160 702
160 725
160 735
160 738
160 810
160 899
161 213
161 296
161 309
161 430
161 436
161 437
161 510
161 529
161 587
161 592
161 604
161 649
161 700
161 736
161 740
161 747
161 760
161 776
161 823
161 835
161 843
161 875
162 167
162 175
162 259
162 307
162 320
162 360
162 364
162 445
162 470
162 508
162 511
162 592
162 602
162 621
162 688
162 716
162 769
162 781
162 871
163 182
163 264
163 277
163 282
163 291
163 295
163 319
163 461
163 464
163 514
163 663
163 674
163 686
163 700
163 713
163 732
163 741
163 779
163 800
163 804
163 844
163 882
163 893
164 185
164 283
164 302
164 354
164 373
164 397
164 584
164 622
164 651
164 680
164 702
164 782
164 874
165 195
165 202
165 213
165 217
165 304
165 327
165 383
165 446
165 566
165 589
165 636
165 673
165 731
165 768
165 823
165 859
165 861
165 867
166 170
166 181
166 239
166 286
166 345
166 399
166 446
166 517
166 559
166 571
166 594
166 669
166 727
166 755
166 820
166 874
166 888
166 899
167 183
167 226
167 234
167 299
167 352
167 366
167 367
167 372
167 433
167 441
167 462
167 476
167 529
167 549
167 566
167 567
167 583
167 587
167 660
167 683
167 734
167 817
167 828
168 171
168 341
168 392
168 410
168 488
168 494
168 549
168 556
168 579
168 688
168 689
168 770
168 794
168 795
168 802
168 808
168 819
168 845
168 875
169 178
169 191
169 205
169 213
169 216
169 287
169 368
169 422
169 515
169 573
169 581
169 603
169 621
169 666
169 711
169 737
169 746
169 827
169 847
170 187
170 239
170 301
170 355
170 394
170 413
170 429
170 511
170 588
170 623
170 645
170 649
170 659
170 672
170 690
170 700
170 781
170 801
170 845
171 193
171 464
171 517
171 542
171 587
171 602
171 619
171 621
171 661
171 726
171 769
172 173
172 240
172 261
172 333
172 360
172 434
172 446
172 461
172 522
172 548
172 554
172 600
172 605
172 614
172 634
172 678
172 722
172 725
172 729
172 812
172 815
172 845
172 848
172 851
173 184
173 250
173 351
173 352
173 420
173 473
173 479
173 551
173 635
173 656
173 832
174 256
174 259
174 262
174 440
174 579
174 660
174 749
174 751
174 858
175 188
175 286
175 290
175 319
175 366
175 462
175 471
175 578
175 588
175 615
175 656
175 666
175 690
175 718
175 719
175 768
175 785
175 791
175 805
176 191
176 199
176 306
176 346
176 384
176 466
176 471
176 475
176 538
176 559
176 563
176 575
176 586
176 738
176 745
176 809
176 867
177 222
177 247
177 322
177 407
177 434
177 451
177 475
177 502
177 509
177 527
177 592
177 614
177 654
177 842
177 877
178 263
178 374
178 379
178 397
178 404
178 452
178 459
178 461
178 511
178 557
178 612
178 697
178 720
178 737
178 744
178 773
178 790
178 805
178 839
178 861
178 864
178 889
179 277
179 457
179 479
179 514
179 518
179 572
179 633
179 653
179 678
179 854
179 876
180 181
180 202
180 249
180 285
180 306
180 340
180 353
180 377
180 403
180 475
180 479
180 575
180 650
180 689
180 702
180 766
180 794
180 818
180 825
180 847
181 194
181 222
181 266
181 320
181 344
181 355
181 380
181 450
181 462
181 570
181 588
181 593
181 601
181 620
181 649
181 659
181 664
181 666
181 682
181 696
181 733
181 746
181 803
181 836
181 879
182 189
182 195
182 296
182 367
182 412
182 457
182 463
182 568
182 625
182 630
182 659
182 678
182 714
182 727
182 749
182 779
182 784
182 807
182 828
182 845
182 866
182 878
183 247
183 302
183 314
183 513
183 553
183 664
183 680
183 693
183 733
183 737
183 813
183 826
183 876
183 882
184 223
184 342
184 355
184 357
184 368
184 369
184 387
184 431
184 604
184 613
184 660
184 661
184 662
184 721
184 806
184 827
185 197
185 335
185 354
185 370
185 385
185 477
185 486
185 575
185 663
185 690
185 692
185 812
185 880
186 194
186 243
186 245
186 312
186 365
186 393
186 438
186 461
186 477
186 556
186 573
186 577
186 614
186 616
186 643
186 653
186 759
186 772
186 786
187 290
187 298
187 360
187 438
187 507
187 544
187 562
187 625
187 652
187 771
187 843
187 847
187 866
187 890
187 895
188 230
188 287
188 320
188 342
188 423
188 525
188 569
188 588
188 633
188 646
188 692
188 754
188 801
188 894
189 209
189 227
189 283
189 383
189 405
189 478
189 499
189 564
189 598
189 623
189 635
189 795
189 798
189 861
189 882
190 233
190 276
190 286
190 311
190 337
190 415
190 431
190 602
190 618
190 677
190 698
190 708
190 761
190 813
190 824
190 837
190 878
191 332
191 357
191 374
191 382
191 492
191 542
191 545
191 546
191 548
191 616
191 646
191 806
192 198
192 262
192 303
192 307
192 308
192 322
192 389
192 411
192 476
192 477
192 479
192 640
192 642
192 655
192 665
192 782
192 798
192 815
192 888
193 210
193 289
193 386
193 412
193 419
193 642
193 663
193 716
193 762
193 801
193 853
193 888
193 898
194 199
194 210
194 359
194 476
194 483
194 487
194 490
194 494
194 507
194 551
194 634
194 635
194 658
194 678
194 679
194 697
194 719
194 750
194 846
194 889
194 894
195 251
195 274
195 275
195 282
195 289
195 317
195 322
195 333
195 351
195 387
195 430
195 434
195 448
195 459
195 489
195 492
195 507
195 508
195 599
195 606
195 641
195 663
195 710
195 779
195 834
196 218
196 245
196 268
196 277
196 293
196 309
196 326
196 341
196 438
196 472
196 476
196 520
196 540
196 575
196 593
196 598
196 599
196 614
196 626
196 641
196 667
196 680
196 712
196 717
196 720
196 900
197 208
197 318
197 320
197 341
197 388
197 465
197 497
197 580
197 632
197 721
197 747
197 820
198 206
198 236
198 244
198 291
198 392
198 404
198 417
198 569
198 687
198 711
198 743
198 824
198 862
199 286
199 371
199 482
199 487
199 510
199 548
199 552
199 569
199 583
199 622
199 656
199 665
199 686
199 691
199 767
199 783
199 792
199 834
199 888
200 217
200 232
200 262
200 272
200 276
200 372
200 387
200 403
200 561
200 594
200 612
200 613
200 708
200 766
200 776
200 782
200 786
200 793
200 798
200 838
200 900
201 223
201 231
201 239
201 241
201 259
201 422
201 474
201 480
201 494
201 522
201 536
201 550
201 563
201 565
201 649
201 692
201 696
201 738
201 740
201 746
201 880
201 882
202 207
202 223
202 243
202 283
202 376
202 441
202 446
202 460
202 580
202 586
202 692
202 848
202 857
203 216
203 322
203 381
203 389
203 433
203 596
203 597
203 615
203 617
203 618
203 631
203 675
203 705
203 732
203 741
203 744
203 756
203 768
203 804
203 873
203 896
204 295
204 345
204 449
204 477
204 486
204 514
204 587
204 643
204 660
204 684
204 729
204 815
204 878
204 886
205 207
205 310
205 374
205 444
205 493
205 530
205 539
205 561
205 577
205 582
205 598
205 619
205 652
205 665
205 744
205 803
205 847
205 885
206 225
206 294
206 358
206 470
206 494
206 525
206 527
206 583
206 636
206 665
206 704
206 744
206 791
206 805
206 836
206 840
207 220
207 239
207 295
207 322
207 392
207 417
207 418
207 646
207 689
207 718
207 835
208 218
208 243
208 271
208 301
208 323
208 377
208 389
208 425
208 426
208 454
208 501
208 578
208 609
208 642
208 670
208 752
208 774
208 802
208 805
208 842
209 239
209 352
209 368
209 375
209 415
209 450
209 502
209 517
209 549
209 607
209 656
209 738
209 793
209 813
209 899
210 316
210 350
210 424
210 429
210 468
210 479
210 515
210 586
210 590
210 606
210 632
210 648
210 756
210 759
210 762
210 812
210 831
210 878
211 252
211 291
211 362
211 384
211 486
211 536
211 574
211 610
211 646
211 755
211 768
211 799
211 808
211 814
211 825
211 833
211 850
211 855
212 241
212 257
212 270
212 296
212 380
212 455
212 552
212 710
212 757
212 786
212 801
212 837
212 852
213 260
213 330
213 343
213 387
213 389
213 424
213 430
213 463
213 533
213 623
213 638
213 682
213 693
213 732
213 766
213 809
213 857
214 222
214 231
214 244
214 290
214 292
214 294
214 312
214 368
214 412
214 419
214 475
214 525
214 536
214 551
214 552
214 565
214 571
214 605
214 683
214 776
214 789
215 217
215 247
215 280
215 285
215 288
215 321
215 323
215 384
215 397
215 417
215 420
215 425
215 447
215 448
215 459
215 482
215 622
215 641
215 690
215 724
215 729
215 733
215 873
216 219
216 224
216 309
216 318
216 337
216 377
216 465
216 483
216 632
216 637
216 756
216 864
217 233
217 259
217 266
217 286
217 339
217 374
217 392
217 395
217 475
217 522
217 553
217 646
217 657
217 688
217 728
217 750
217 783
217 794
217 831
217 875
217 884
218 232
218 313
218 404
218 453
218 519
218 522
218 538
218 546
218 613
218 652
218 690
218 697
218 702
218 723
218 730
218 859
218 866
219 273
219 290
219 350
219 366
219 376
219 417
219 485
219 497
219 554
219 587
219 641
219 666
219 757
219 769
219 774
219 781
219 833
219 868
220 319
220 371
220 374
220 379
220 441
220 485
220 516
220 538
220 561
220 651
220 674
220 689
220 694
220 742
220 791
220 813
220 871
221 258
221 299
221 319
221 333
221 377
221 384
221 406
221 430
221 470
221 545
221 553
221 570
221 575
221 683
221 755
221 779
221 784
221 845
221 857
221 878
222 315
222 322
222 337
222 350
222 384
222 386
222 394
222 395
222 537
222 564
222 578
222 589
222 592
222 722
222 729
222 777
222 808
222 837
222 897
223 229
223 335
223 339
223 522
223 524
223 533
223 562
223 576
223 596
223 603
223 632
223 651
223 671
223 699
223 725
223 732
223 757
223 769
223 805
223 835
223 886
224 239
224 248
224 290
224 303
224 345
224 359
224 362
224 418
224 420
224 438
224 441
224 463
224 472
224 484
224 517
224 613
224 802
224 845
224 895
225 238
225 246
225 285
225 415
225 435
225 460
225 482
225 508
225 669
225 675
225 720
225 796
225 807
225 863
225 887
225 889
226 256
226 257
226 297
226 349
226 411
226 446
226 472
226 479
226 548
226 554
226 575
226 623
226 629
226 655
226 697
226 721
226 723
226 747
226 759
226 762
226 765
226 793
226 821
226 857
227 238
227 260
227 313
227 347
227 416
227 467
227 586
227 621
227 633
227 701
227 734
227 738
227 768
227 794
228 327
228 390
228 443
228 509
228 537
228 551
228 577
228 578
228 652
228 664
228 691
228 719
228 738
228 750
228 798
228 816
228 820
228 839
229 251
229 262
229 292
229 354
229 357
229 358
229 377
229 462
229 476
229 519
229 531
229 533
229 575
229 590
229 647
229 684
229 693
229 705
229 737
229 806
229 839
229 846
229 847
230 353
230 356
230 464
230 486
230 555
230 617
230 639
230 830
230 856
231 257
231 309
231 327
231 348
231 349
231 364
231 375
231 388
231 390
231 583
231 590
231 593
231 644
231 730
231 751
231 791
231 812
231 876
232 309
232 350
232 409
232 426
232 500
232 623
232 629
232 692
232 727
232 768
232 779
232 785
232 856
232 880
233 324
233 445
233 455
233 572
233 587
233 637
233 713
233 718
233 780
233 815
233 891
234 239
234 243
234 252
234 294
234 317
234 344
234 399
234 440
234 474
234 498
234 534
234 542
234 558
234 607
234 803
234 853
234 861
234 862
234 896
235 347
235 383
235 469
235 490
235 494
235 593
235 661
235 835
235 860
235 873
236 282
236 335
236 336
236 361
236 509
236 679
236 710
236 725
236 747
236 783
236 805
237 240
237 254
237 334
237 397
237 432
237 482
237 498
237 499
237 560
237 573
237 673
237 682
237 714
237 757
237 774
237 778
237 783
237 799
237 863
237 882
237 891
238 249
238 288
238 325
238 410
238 485
238 492
238 566
238 601
238 620
238 726
238 729
238 741
238 778
238 795
238 829
238 843
238 854
238 885
238 886
239 415
239 474
239 500
239 512
239 553
239 582
239 597
239 614
239 632
239 664
239 692
239 887
240 268
240 488
240 523
240 531
240 539
240 542
240 709
240 737
240 794
240 814
241 260
241 307
241 380
241 409
241 448
241 600
241 649
241 678
241 743
241 780
241 786
241 846
241 867
241 879
241 881
241 890
242 246
242 248
242 297
242 463
242 550
242 554
242 583
242 628
242 682
242 705
242 729
242 736
242 777
242 811
242 878
243 309
243 329
243 404
243 425
243 432
243 507
243 513
243 522
243 614
243 622
243 639
243 683
243 747
243 768
243 788
243 811
243 842
243 863
244 279
244 316
244 332
244 400
244 423
244 443
244 538
244 571
244 574
244 580
244 593
244 618
244 635
244 661
244 681
244 691
244 770
244 810
244 811
244 814
244 880
245 307
245 337
245 376
245 419
245 442
245 448
245 567
245 646
245 675
245 736
245 801
245 826
246 274
246 275
246 363
246 429
246 431
246 555
246 578
246 621
246 725
246 752
246 798
246 814
246 818
246 847
247 321
247 424
247 429
247 489
247 558
247 559
247 572
247 658
247 663
247 696
247 758
247 761
247 770
247 774
247 786
247 820
247 833
248 306
248 397
248 399
248 401
248 469
248 551
248 554
248 583
248 586
248 683
248 691
248 735
248 754
248 822
248 832
248 839
249 293
249 353
249 378
249 380
249 481
249 508
249 584
249 648
249 655
249 660
249 667
249 723
249 739
249 787
249 794
249 886
249 893
250 287
250 398
250 410
250 508
250 541
250 555
250 571
250 586
250 596
250 599
250 605
250 618
250 619
250 648
250 652
250 658
250 848
250 892
251 260
251 293
251 327
251 378
251 434
251 488
251 560
251 635
251 660
251 754
251 771
251 785
251 874
252 361
252 375
252 421
252 465
252 483
252 577
252 651
252 723
252 748
252 750
252 801
252 805
252 806
252 888
253 289
253 290
253 293
253 306
253 332
253 350
253 453
253 524
253 545
253 564
253 687
253 745
253 790
253 840
253 841
253 849
254 274
254 376
254 520
254 521
254 528
254 596
254 601
254 640
254 673
254 853
255 356
255 372
255 373
255 423
255 426
255 483
255 593
255 599
255 639
255 730
255 735
255 772
255 820
255 878
255 881
256 276
256 292
256 343
256 368
256 373
256 384
256 470
256 493
256 590
256 599
256 679
256 694
256 748
256 759
256 790
256 831
257 372
257 391
257 423
257 438
257 486
257 520
257 593
257 664
257 733
257 739
257 782
257 800
257 811
257 835
257 838
257 877
258 291
258 293
258 319
258 384
258 615
258 625
258 673
258 698
258 699
258 721
258 775
258 778
258 786
258 834
258 836
259 270
259 379
259 456
259 499
259 511
259 529
259 530
259 600
259 643
259 649
259 688
259 722
259 738
259 748
259 800
260 263
260 276
260 279
260 308
260 318
260 421
260 423
260 434
260 467
260 476
260 496
260 628
260 838
260 856
260 881
261 371
261 428
261 472
261 546
261 560
261 563
261 589
261 643
261 660
261 695
261 715
261 755
261 784
261 795
261 840
261 862
262 264
262 298
262 305
262 311
262 401
262 402
262 440
262 485
262 488
262 503
262 535
262 542
262 546
262 588
262 592
262 631
262 677
262 714
262 721
262 810
262 839
262 842
262 854
262 856
263 278
263 332
263 381
263 429
263 444
263 501
263 507
263 532
263 537
263 556
263 579
263 651
263 653
263 713
263 757
263 760
263 891
264 270
264 275
264 378
264 466
264 474
264 491
264 511
264 534
264 568
264 683
264 705
264 762
264 771
264 809
264 827
264 846
264 860
264 871
264 876
264 898
265 298
265 302
265 367
265 398
265 422
265 462
265 526
265 771
265 777
265 864
265 867
265 875
266 294
266 368
266 372
266 411
266 435
266 488
266 498
266 514
266 521
266 630
266 633
266 650
266 729
266 735
266 775
266 801
266 806
266 826
266 860
266 897
267 296
267 309
267 428
267 437
267 452
267 502
267 617
267 689
267 730
267 887
268 298
268 300
268 328
268 337
268 343
268 366
268 371
268 389
268 397
268 399
268 467
268 531
268 541
268 617
268 650
268 705
268 731
268 734
268 746
268 761
268 832
268 834
268 894
269 282
269 349
269 357
269 482
269 528
269 591
269 649
269 725
269 765
269 784
269 842
269 887
270 281
270 323
270 333
270 352
270 423
270 449
270 466
270 528
270 557
270 576
270 640
270 808
270 834
270 890
270 897
271 330
271 338
271 402
271 513
271 525
271 573
271 577
271 624
271 626
271 670
271 867
272 331
272 341
272 401
272 408
272 510
272 521
272 626
272 684
272 736
272 787
273 294
273 352
273 364
273 395
273 469
273 478
273 493
273 506
273 520
273 523
273 606
273 722
273 743
273 773
273 786
274 303
274 320
274 349
274 406
274 442
274 530
274 539
274 578
274 636
274 662
274 706
274 723
274 778
274 836
275 296
275 301
275 456
275 476
275 549
275 552
275 570
275 590
275 595
275 597
275 603
275 640
275 685
275 768
275 785
275 801
275 822
275 839
275 862
275 879
276 302
276 327
276 343
276 371
276 465
276 487
276 509
276 510
276 531
276 551
276 573
276 575
276 624
276 741
276 788
276 793
276 860
276 869
276 889
277 303
277 445
277 460
277 465
277 496
277 501
277 588
277 667
277 706
277 714
277 801
277 856
277 861
278 295
278 363
278 391
278 411
278 425
278 441
278 465
278 499
278 591
278 760
278 785
278 814
278 874
278 886
278 892
278 894
279 381
279 397
279 437
279 477
279 523
279 561
279 598
279 652
279 759
279 800
279 836
279 855
279 878
280 316
280 328
280 413
280 473
280 560
280 566
280 582
280 596
280 680
280 684
280 716
280 729
280 731
280 734
280 737
280 745
280 784
280 801
281 296
281 355
281 358
281 362
281 426
281 438
281 463
281 474
281 542
281 566
281 580
281 648
281 662
281 770
281 784
281 831
282 318
282 406
282 522
282 540
282 553
282 597
282 633
282 702
282 721
282 758
282 766
282 821
282 828
282 850
282 869
282 877
283 290
283 329
283 364
283 447
283 494
283 588
283 674
283 707
283 728
283 745
283 882
283 888
284 313
284 321
284 426
284 438
284 544
284 575
284 633
284 643
284 658
284 701
284 733
284 749
284 784
284 828
285 289
285 332
285 359
285 364
285 410
285 438
285 444
285 487
285 555
285 595
285 607
285 727
285 730
285 754
285 836
285 841
286 293
286 304
286 368
286 372
286 379
286 421
286 493
286 504
286 538
286 542
286 546
286 553
286 567
286 774
286 796
286 866
286 868
287 320
287 352
287 454
287 457
287 464
287 499
287 500
287 558
287 583
287 591
287 713
287 763
287 800
287 810
287 820
288 299
288 313
288 339
288 375
288 475
288 527
288 543
288 545
288 579
288 726
288 735
288 739
288 888
289 304
289 355
289 365
289 477
289 530
289 555
289 579
289 593
289 599
289 605
289 668
289 728
289 775
289 785
289 839
290 299
290 361
290 363
290 365
290 384
290 402
290 424
290 474
290 558
290 662
290 689
290 692
290 717
290 725
290 789
290 796
290 818
290 844
290 864
291 360
291 368
291 386
291 389
291 390
291 461
291 495
291 516
291 527
291 559
291 644
291 690
291 699
291 702
291 712
291 787
291 793
291 843
291 879
291 886
292 308
292 342
292 388
292 508
292 670
292 774
292 829
292 832
293 357
293 407
293 432
293 454
293 506
293 519
293 521
293 532
293 561
293 604
293 612
293 644
293 695
293 706
293 784
293 786
293 791
293 866
294 319
294 325
294 380
294 393
294 488
294 547
294 584
294 593
294 609
294 621
294 675
294 724
294 790
294 876
294 898
295 338
295 358
295 369
295 378
295 392
295 404
295 486
295 518
295 552
295 606
295 640
295 721
295 764
295 805
295 861
295 883
296 434
296 437
296 482
296 596
296 598
296 599
296 713
296 719
296 786
296 891
296 894
297 356
297 390
297 462
297 466
297 532
297 546
297 548
297 573
297 616
297 670
297 693
297 744
297 750
297 810
297 845
297 846
297 857
298 328
298 343
298 377
298 408
298 430
298 573
298 604
298 605
298 648
298 721
298 725
298 876
298 895
299 314
299 344
299 441
299 443
299 498
299 519
299 527
299 577
299 595
299 597
299 646
299 671
299 708
299 727
299 781
299 853
300 322
300 364
300 370
300 442
300 467
300 492
300 544
300 552
300 613
300 617
300 627
300 788
300 796
300 809
300 839
300 847
300 860
300 881
301 370
301 377
301 444
301 531
301 616
301 630
301 649
301 796
301 825
301 866
302 307
302 362
302 370
302 434
302 483
302 488
302 515
302 520
302 599
302 676
302 707
302 737
302 757
302 767
302 796
302 844
302 893
303 340
303 350
303 421
303 487
303 529
303 540
303 649
303 663
303 706
303 712
303 730
304 318
304 355
304 382
304 466
304 467
304 478
304 498
304 501
304 528
304 593
304 633
304 654
304 813
304 850
304 873
304 881
305 363
305 395
305 418
305 439
305 450
305 527
305 602
305 619
305 786
305 790
305 812
305 818
305 844
305 846
306 532
306 605
306 631
306 676
306 780
306 783
306 896
307 318
307 512
307 538
307 653
307 737
307 792
308 318
308 340
308 358
308 453
308 529
308 602
308 612
308 677
308 689
308 692
308 694
308 808
308 818
308 859
308 891
309 394
309 457
309 460
309 478
309 515
309 578
309 658
309 676
309 743
309 775
309 779
309 789
309 827
309 890
310 378
310 394
310 397
310 430
310 579
310 580
310 599
310 676
310 677
310 704
310 785
310 826
310 875
310 882
310 889
311 351
311 359
311 363
311 461
311 476
311 494
311 525
311 546
311 571
311 572
311 594
311 597
311 616
311 631
311 643
311 754
311 775
311 894
312 315
312 337
312 376
312 446
312 488
312 543
312 638
312 682
312 730
312 743
312 750
313 322
313 333
313 384
313 404
313 431
313 434
313 553
313 616
313 621
313 641
313 643
313 834
313 865
314 351
314 395
314 400
314 443
314 450
314 530
314 599
314 653
314 688
314 703
314 812
314 859
314 879
315 324
315 374
315 428
315 432
315 506
315 730
315 776
315 807
315 840
315 889
316 360
316 383
316 408
316 421
316 449
316 490
316 500
316 593
316 640
316 720
316 724
316 779
316 780
316 809
316 847
316 851
316 861
317 365
317 512
317 548
317 591
317 615
317 731
317 737
317 814
318 338
318 349
318 365
318 385
318 443
318 459
318 524
318 533
318 594
318 626
318 634
318 674
318 687
318 710
318 726
318 820
319 356
319 415
319 416
319 442
319 460
319 482
319 498
319 518
319 545
319 668
319 790
319 851
320 357
320 400
320 412
320 416
320 469
320 582
320 602
320 657
320 673
320 731
320 844
320 848
320 867
321 361
321 403
321 416
321 457
321 469
321 480
321 499
321 501
321 504
321 564
321 590
321 668
321 701
321 710
321 804
321 849
322 348
322 403
322 488
322 497
322 515
322 524
322 569
322 688
322 705
322 757
322 760
322 810
322 823
322 877
323 369
323 451
323 461
323 469
323 470
323 521
323 535
323 558
323 571
323 576
323 609
323 657
323 669
323 808
323 827
323 860
323 870
323 889
324 423
324 434
324 455
324 457
324 522
324 574
324 611
324 633
324 701
324 713
324 719
324 742
324 778
324 794
324 826
324 834
325 380
325 412
325 426
325 468
325 510
325 524
325 553
325 554
325 687
325 777
325 791
325 836
326 439
326 481
326 486
326 495
326 535
326 556
326 630
326 652
326 725
326 737
326 780
326 801
327 328
327 335
327 350
327 374
327 382
327 398
327 415
327 417
327 486
327 536
327 578
327 721
327 757
327 768
327 787
327 850
327 865
327 891
328 355
328 448
328 456
328 476
328 505
328 610
328 611
328 641
328 661
328 695
328 763
328 839
328 850
329 406
329 414
329 548
329 659
329 741
329 799
329 834
330 332
330 341
330 346
330 349
330 372
330 506
330 516
330 518
330 529
330 611
330 640
330 683
330 691
330 710
330 732
330 738
330 763
330 768
330 780
330 810
330 821
330 839
330 848
330 867
331 435
331 514
331 620
331 634
331 661
331 700
331 709
331 711
331 746
331 792
332 336
332 367
332 458
332 532
332 541
332 571
332 594
332 658
332 671
332 677
332 691
332 724
332 745
332 776
332 792
332 893
332 900
333 375
333 378
333 415
333 420
333 457
333 483
333 540
333 559
333 573
333 607
333 616
333 680
333 685
333 704
333 719
333 734
333 832
333 854
334 361
334 399
334 455
334 466
334 496
334 520
334 538
334 541
334 578
334 621
334 692
334 701
334 705
334 724
334 752
334 760
334 797
334 826
334 831
335 344
335 353
335 374
335 434
335 441
335 461
335 488
335 639
335 762
335 806
335 822
335 882
336 339
336 377
336 429
336 454
336 468
336 527
336 530
336 544
336 548
336 632
336 673
336 691
336 692
336 724
336 727
336 729
336 769
336 823
336 870
337 339
337 395
337 420
337 434
337 435
337 628
337 674
337 690
337 714
337 727
337 733
337 760
337 817
337 858
337 869
337 890
337 897
338 378
338 442
338 446
338 447
338 465
338 473
338 477
338 505
338 649
338 885
339 346
339 361
339 393
339 497
339 511
339 546
339 569
339 596
339 622
339 682
339 724
339 742
339 780
339 838
339 872
340 362
340 407
340 456
340 464
340 486
340 506
340 569
340 580
340 585
340 587
340 609
340 752
340 779
340 857
341 344
341 411
341 420
341 427
341 598
341 674
341 700
341 714
341 738
341 756
341 835
341 850
341 871
341 877
341 892
342 367
342 368
342 426
342 456
342 473
342 671
342 674
342 820
342 838
342 856
342 879
342 882
343 349
343 367
343 454
343 468
343 475
343 491
343 525
343 547
343 549
343 577
343 607
343 643
343 723
343 800
343 816
343 857
344 352
344 354
344 359
344 362
344 364
344 391
344 402
344 501
344 563
344 599
344 613
344 655
344 704
344 854
344 880
345 348
345 420
345 517
345 550
345 626
345 651
345 719
345 767
345 778
345 885
345 890
346 381
346 422
346 456
346 475
346 498
346 606
346 619
346 663
346 836
346 844
347 408
347 450
347 452
347 490
347 621
347 625
347 678
347 725
347 772
347 782
347 825
347 840
347 875
347 881
347 898
348 412
348 415
348 467
348 486
348 499
348 534
348 547
348 637
348 750
348 821
348 854
348 879
349 377
349 424
349 444
349 446
349 493
349 577
349 592
349 595
349 702
349 873
349 900
350 389
350 430
350 435
350 607
350 826
350 831
350 837
350 860
350 895
351 368
351 508
351 551
351 581
351 612
351 623
351 636
351 674
351 880
352 424
352 444
352 497
352 503
352 510
352 576
352 636
352 661
352 670
352 673
352 691
352 696
352 707
352 722
352 731
352 760
352 778
352 787
352 791
352 798
352 816
352 817
352 861
352 874
352 894
353 364
353 396
353 398
353 404
353 422
353 475
353 488
353 585
353 587
353 637
353 670
353 715
353 725
353 732
353 747
353 792
353 811
353 835
354 416
354 506
354 555
354 562
354 586
354 594
354 609
354 629
354 733
354 749
354 784
354 787
354 821
354 867
354 869
355 406
355 433
355 512
355 539
355 548
355 549
355 560
355 577
355 593
355 702
355 823
356 425
356 450
356 555
356 608
356 685
356 782
356 788
356 806
356 811
356 814
356 838
356 877
357 370
357 397
357 398
357 512
357 568
357 575
357 617
357 695
357 723
357 781
357 782
357 866
358 376
358 421
358 455
358 477
358 481
358 544
358 579
358 606
358 631
358 656
358 856
358 857
358 887
359 366
359 379
359 380
359 446
359 515
359 536
359 548
359 681
359 694
359 709
359 726
359 734
359 779
359 780
359 797
359 834
359 865
359 866
360 374
360 408
360 463
360 471
360 481
360 535
360 682
360 693
360 711
360 731
360 762
360 844
360 876
360 899
361 404
361 421
361 470
361 517
361 520
361 611
361 652
361 708
361 733
361 736
361 772
361 863
362 374
362 376
362 389
362 395
362 514
362 575
362 651
362 797
362 838
362 858
363 389
363 398
363 405
363 406
363 407
363 432
363 557
363 591
363 650
363 727
363 809
363 864
363 869
364 411
364 478
364 530
364 570
364 593
364 636
364 659
364 667
364 672
364 850
365 433
365 435
365 575
365 586
365 602
365 614
365 682
365 778
365 803
365 834
365 878
366 377
366 391
366 421
366 655
366 672
366 726
366 729
366 768
366 769
366 804
366 812
366 848
366 892
367 392
367 420
367 488
367 554
367 577
367 695
367 783
367 799
367 820
367 850
368 380
368 388
368 461
368 462
368 467
368 510
368 523
368 524
368 658
368 672
368 755
368 760
368 771
368 781
368 808
368 893
369 522
369 535
369 538
369 575
369 592
369 679
369 690
369 817
369 883
370 684
370 702
370 866
371 426
371 442
371 514
371 561
371 565
371 660
371 670
371 724
371 752
371 774
371 780
371 821
371 834
371 838
371 855
371 864
371 881
372 375
372 386
372 436
372 513
372 523
372 605
372 647
372 735
372 850
372 873
372 882
373 390
373 528
373 538
373 545
373 598
373 603
373 643
373 655
373 738
373 800
373 815
374 399
374 400
374 434
374 445
374 457
374 504
374 536
374 655
374 695
374 719
374 763
374 771
374 775
374 809
375 400
375 441
375 442
375 544
375 576
375 606
375 640
375 740
375 754
375 780
375 793
375 888
376 449
376 453
376 454
376 505
376 544
376 572
376 598
376 626
376 655
376 663
376 712
376 718
376 740
376 762
376 842
376 859
376 878
376 885
376 894
377 403
377 414
377 450
377 546
377 589
377 657
377 665
377 714
377 715
377 722
377 743
377 756
377 769
377 775
377 802
377 852
377 886
378 399
378 416
378 478
378 523
378 637
378 664
378 715
378 731
378 752
378 755
378 756
378 758
378 781
378 796
378 805
378 826
378 890
379 398
379 427
379 437
379 546
379 592
379 612
379 712
379 726
379 749
379 770
379 821
379 828
379 870
380 438
380 478
380 488
380 518
380 564
380 567
380 619
380 664
380 677
380 723
380 786
380 807
380 838
381 397
381 442
381 533
381 616
381 645
381 669
381 677
381 726
381 743
381 751
381 776
381 826
381 847
381 872
381 880
382 441
382 445
382 587
382 597
382 599
382 671
382 679
382 686
382 700
382 721
382 732
382 756
382 821
382 824
382 828
382 858
382 895
383 416
383 422
383 469
383 502
383 532
383 568
383 603
383 659
383 683
383 825
383 833
383 858
383 865
384 457
384 498
384 527
384 602
384 608
384 612
384 615
384 667
384 794
384 797
384 822
384 840
385 402
385 522
385 537
385 544
385 547
385 551
385 598
385 661
385 676
385 677
385 710
385 756
385 813
385 839
385 857
385 859
385 885
386 480
386 534
386 549
386 583
386 594
386 652
386 680
386 709
386 764
386 809
386 865
386 880
386 890
387 515
387 591
387 600
387 641
387 799
387 824
388 392
388 394
388 414
388 506
388 638
388 669
388 709
388 751
388 771
388 881
388 890
389 519
389 522
389 576
389 604
389 636
389 808
390 420
390 509
390 516
390 543
390 548
390 575
390 607
390 632
390 757
390 774
390 799
390 815
390 827
390 862
390 863
390 870
391 392
391 406
391 446
391 456
391 479
391 547
391 550
391 558
391 563
391 574
391 603
391 629
391 705
391 715
391 726
391 737
391 791
392 416
392 498
392 621
392 639
392 693
392 811
392 833
392 892
393 406
393 454
393 458
393 503
393 651
393 702
393 723
393 733
393 737
393 750
393 759
393 895
394 430
394 452
394 476
394 567
394 614
394 636
394 643
394 695
394 711
394 727
394 742
394 756
394 839
394 894
395 421
395 495
395 496
395 506
395 572
395 574
395 616
395 631
395 648
395 713
395 736
395 857
395 882
395 892
396 418
396 444
396 470
396 491
396 635
396 638
396 657
396 659
396 764
396 796
396 812
396 828
396 832
396 839
396 849
397 401
397 412
397 496
397 516
397 543
397 564
397 603
397 615
397 619
397 700
397 744
397 847
397 887
398 401
398 435
398 444
398 449
398 454
398 507
398 512
398 641
398 668
398 761
398 764
398 788
398 869
398 873
398 886
399 421
399 426
399 467
399 489
399 500
399 509
399 540
399 553
399 729
399 785
399 828
399 856
399 886
400 422
400 425
400 436
400 511
400 529
400 579
400 596
400 619
400 620
400 661
400 716
400 720
400 772
400 795
400 840
400 874
400 876
400 887
401 420
401 438
401 472
401 529
401 584
401 607
401 667
401 718
401 750
401 762
401 765
401 852
401 879
401 888
401 889
402 415
402 488
402 501
402 536
402 604
402 632
402 637
402 683
402 804
402 850
403 477
403 485
403 509
403 516
403 552
403 645
403 663
403 695
403 699
403 707
403 708
403 755
403 758
403 865
403 869
404 471
404 472
404 524
404 573
404 600
404 608
404 631
404 686
404 707
404 719
404 735
404 802
405 409
405 452
405 492
405 529
405 537
405 753
405 759
405 799
405 828
405 866
405 895
406 439
406 499
406 500
406 514
406 543
406 582
406 592
406 597
406 623
406 645
406 693
406 705
406 837
406 897
407 445
407 458
407 518
407 571
407 600
407 617
407 625
407 653
407 700
407 705
407 806
407 837
407 864
408 421
408 434
408 477
408 478
408 573
408 611
408 739
408 764
408 808
409 464
409 493
409 495
409 506
409 510
409 584
409 623
409 635
409 659
409 713
409 733
409 747
409 757
409 766
409 804
410 468
410 553
410 558
410 603
410 659
410 663
410 669
410 697
410 759
410 793
410 816
411 421
411 453
411 454
411 476
411 504
411 512
411 526
411 580
411 629
411 658
411 747
411 780
411 792
411 863
411 875
412 414
412 537
412 549
412 573
412 587
412 601
412 660
412 665
412 689
412 719
412 723
412 734
412 771
412 772
412 775
413 418
413 467
413 545
413 563
413 565
413 613
413 625
413 744
413 779
413 870
414 510
414 512
414 584
414 623
414 624
414 634
414 643
414 688
414 690
414 803
415 471
415 546
415 554
415 555
415 623
415 624
415 625
415 634
415 713
415 722
415 779
415 803
415 844
415 882
416 419
416 451
416 504
416 506
416 589
416 657
416 732
416 797
417 521
417 536
417 544
417 606
417 620
417 637
417 643
417 675
417 700
417 723
417 772
417 809
417 876
417 877
418 426
418 427
418 453
418 466
418 488
418 495
418 538
418 578
418 588
418 594
418 650
418 699
418 740
418 808
418 844
418 854
418 868
418 875
419 461
419 516
419 533
419 576
419 596
419 606
419 621
419 651
419 685
420 476
420 541
420 580
420 604
420 743
420 823
421 462
421 469
421 545
421 711
421 762
421 887
422 461
422 482
422 512
422 515
422 533
422 587
422 612
422 652
422 718
422 754
422 764
422 797
422 799
422 808
422 829
423 441
423 524
423 530
423 556
423 597
423 666
423 703
423 723
423 735
423 744
423 760
423 773
423 791
423 817
423 846
423 849
424 581
424 599
424 618
424 644
424 645
424 789
424 790
424 850
425 437
425 450
425 472
425 499
425 505
425 587
425 631
425 680
425 717
425 763
425 784
425 814
425 841
425 857
426 487
426 502
426 535
426 581
426 607
426 680
426 692
426 801
426 825
427 429
427 440
427 519
427 571
427 596
427 607
427 740
427 776
427 804
427 840
427 877
428 437
428 478
428 537
428 546
428 597
428 617
428 744
428 762
428 781
428 823
428 832
428 875
429 552
429 571
429 687
429 735
429 768
429 782
429 787
429 845
429 896
430 468
430 526
430 634
430 705
430 845
431 503
431 536
431 559
431 576
431 583
431 625
431 633
431 642
431 644
431 702
431 763
431 889
432 464
432 471
432 498
432 503
432 530
432 549
432 575
432 621
432 633
432 650
432 653
432 669
432 672
432 836
432 863
432 890
432 891
433 447
433 474
433 542
433 574
433 598
433 624
433 626
433 680
433 770
433 791
433 859
433 885
434 441
434 443
434 449
434 492
434 596
434 641
434 717
434 743
434 837
434 851
434 872
434 882
434 887
435 477
435 499
435 521
435 522
435 668
435 749
435 769
435 775
435 798
435 874
435 887
436 442
436 520
436 525
436 527
436 537
436 561
436 653
436 659
436 667
436 675
436 706
436 750
436 770
436 811
436 839
436 855
436 864
437 476
437 479
437 484
437 509
437 537
437 574
437 577
437 592
437 713
437 785
437 791
437 848
437 881
438 459
438 504
438 515
438 544
438 594
438 640
438 687
438 715
438 761
438 765
438 766
438 772
438 794
438 825
438 893
438 897
439 495
439 499
439 513
439 576
439 593
439 606
439 660
439 682
439 729
439 749
439 764
439 781
439 818
439 836
439 839
439 856
439 863
440 494
440 517
440 521
440 524
440 531
440 532
440 546
440 589
440 598
440 730
441 452
441 465
441 476
441 514
441 532
441 538
441 551
441 775
441 779
441 829
442 463
442 470
442 498
442 530
442 579
442 710
442 886
442 887
443 511
443 551
443 557
443 599
443 632
443 661
443 729
443 753
443 864
443 892
443 894
443 900
444 452
444 460
444 488
444 535
444 538
444 583
444 608
444 717
444 722
444 749
444 869
445 453
445 500
445 508
445 558
445 574
445 592
445 695
445 697
445 787
445 789
445 816
445 873
446 509
446 511
446 512
446 565
446 631
446 649
446 721
446 730
446 735
446 800
446 813
446 822
447 469
447 486
447 645
447 657
447 682
447 683
447 726
447 741
447 860
447 886
448 456
448 458
448 540
448 548
448 556
448 577
448 583
448 593
448 632
448 636
448 641
448 684
448 686
448 707
448 796
449 453
449 530
449 540
449 653
449 727
449 733
449 814
449 821
449 859
449 863
450 512
450 516
450 520
450 525
450 550
450 647
450 724
450 777
450 782
450 828
450 838
451 509
451 518
451 529
451 585
451 589
451 620
451 643
451 675
451 676
451 684
451 694
451 699
451 713
451 736
451 779
451 785
451 824
451 860
451 895
452 645
452 648
452 821
452 838
452 860
452 899
453 494
453 557
453 605
453 626
453 644
453 653
453 669
453 684
453 689
453 718
453 728
453 739
453 790
453 809
453 827
453 863
453 874
453 876
454 456
454 472
454 528
454 599
454 674
454 735
454 763
454 788
454 792
454 793
454 817
454 839
454 898
455 499
455 501
455 524
455 780
455 789
455 798
455 801
455 841
455 844
455 864
456 523
456 614
456 615
456 634
456 772
456 813
456 825
456 827
457 460
457 476
457 512
457 529
457 543
457 552
457 564
457 635
457 702
457 746
457 811
457 813
457 837
457 861
457 886
458 557
458 642
458 751
458 758
458 759
458 778
458 792
458 811
458 876
458 886
459 469
459 523
459 602
459 628
459 670
459 693
459 698
459 702
459 743
460 467
460 515
460 526
460 589
460 652
460 660
460 681
460 692
460 795
460 862
461 462
461 495
461 507
461 509
461 567
461 578
461 583
461 614
461 660
461 730
461 756
461 818
461 859
462 527
462 590
462 591
462 712
462 735
462 751
462 774
462 793
462 803
462 810
462 811
462 812
462 886
462 893
463 489
463 497
463 518
463 555
463 675
463 714
463 716
463 747
463 772
463 795
463 862
464 539
464 587
464 615
464 690
464 708
464 740
464 794
464 894
465 474
465 477
465 480
465 502
465 538
465 547
465 554
465 562
465 659
466 475
466 480
466 492
466 537
466 609
466 618
466 625
466 628
466 663
466 702
466 715
466 757
466 794
466 802
466 815
467 497
467 504
467 510
467 572
467 599
467 635
467 692
467 722
467 744
467 751
467 840
467 872
468 577
468 618
468 644
468 817
468 884
468 886
468 891
469 597
469 648
469 657
469 749
469 754
469 782
469 809
469 896
470 648
470 657
470 717
470 734
470 786
470 838
470 887
471 516
471 604
471 653
471 755
471 786
471 837
471 855
472 478
472 512
472 554
472 583
472 589
472 615
472 757
472 774
472 791
472 844
472 898
472 900
473 478
473 515
473 532
473 537
473 552
473 570
473 670
473 702
473 762
473 811
473 819
473 848
473 885
474 481
474 520
474 541
474 679
474 686
474 718
474 732
474 765
474 783
475 494
475 527
475 635
475 667
475 707
475 729
475 736
475 743
475 776
476 519
476 532
476 565
476 572
476 573
476 589
476 688
476 698
476 756
476 759
476 818
476 853
476 875
477 574
477 661
477 691
477 695
477 743
477 790
478 489
478 491
478 560
478 603
478 632
478 679
478 746
478 753
478 787
478 845
478 900
479 508
479 557
479 566
479 603
479 620
479 704
479 798
479 809
479 832
480 523
480 555
480 571
480 621
480 630
480 634
480 653
480 680
480 725
480 758
480 771
480 780
480 814
480 830
480 847
480 850
480 884
480 895
481 485
481 492
481 501
481 568
481 582
481 600
481 611
481 686
481 720
481 744
481 764
481 779
481 781
481 827
482 579
482 590
482 607
482 793
482 839
482 843
483 510
483 620
483 624
483 729
483 798
483 814
483 833
483 871
483 872
484 524
484 564
484 570
484 617
484 654
484 689
484 754
484 761
484 796
484 830
484 842
484 885
484 893
485 487
485 492
485 506
485 522
485 523
485 524
485 563
485 629
485 682
485 746
485 760
485 793
486 488
486 531
486 579
486 660
486 666
486 857
487 498
487 506
487 574
487 661
487 703
487 796
487 884
488 524
488 593
488 612
488 636
488 735
488 824
488 837
488 866
489 500
489 516
489 524
489 555
489 645
489 680
489 685
489 718
489 720
489 730
489 746
489 804
489 828
489 870
489 877
490 524
490 525
490 537
490 545
490 576
490 579
490 625
490 626
490 657
490 738
490 739
490 808
490 812
490 857
491 498
491 536
491 538
491 552
491 701
491 741
491 825
492 497
492 564
492 665
492 672
492 709
492 720
492 772
492 822
492 824
493 508
493 519
493 667
493 709
493 740
493 746
493 873
493 890
493 892
493 898
494 564
494 584
494 623
494 640
494 668
494 689
494 724
494 753
494 857
494 897
495 518
495 533
495 559
495 568
495 725
495 766
495 783
495 816
495 819
495 820
495 832
495 850
495 899
496 582
496 626
496 668
496 691
496 794
496 814
496 840
496 897
497 585
497 591
497 594
497 610
497 619
497 624
497 665
497 703
497 736
497 785
497 892
498 584
498 624
498 647
498 704
498 789
498 795
498 797
498 893
499 509
499 524
499 540
499 595
499 640
499 762
499 840
500 528
500 593
500 597
500 677
500 682
500 697
500 706
500 714
500 773
500 881
500 887
500 896
501 502
501 507
501 599
501 665
501 774
501 795
501 897
502 559
502 580
502 606
502 609
502 767
502 866
502 893
502 900
503 587
503 640
503 703
503 811
503 813
503 818
504 534
504 567
504 569
504 600
504 607
504 633
504 707
504 778
504 779
504 897
505 516
505 537
505 565
505 571
505 609
505 621
505 635
505 642
505 652
505 752
505 800
505 801
505 816
505 854
506 580
506 591
506 661
506 774
506 775
506 811
506 820
507 694
507 720
507 740
507 761
507 794
507 837
508 543
508 610
508 678
508 683
508 712
508 764
508 867
509 541
509 662
509 697
509 725
509 779
509 867
510 614
510 665
510 692
510 722
510 787
510 884
511 566
511 602
511 642
511 748
511 756
511 792
511 831
511 890
512 549
512 581
512 591
512 633
512 640
512 644
512 700
512 729
512 733
512 800
513 544
513 547
513 650
513 686
513 727
513 775
513 783
513 784
514 532
514 561
514 612
514 622
514 623
514 653
514 660
514 663
514 763
514 778
514 809
515 525
515 639
515 652
515 697
515 735
515 823
515 867
515 868
515 871
516 529
516 570
516 624
516 637
516 729
516 750
516 783
516 796
516 803
516 831
516 854
516 857
516 892
517 519
517 540
517 547
517 549
517 600
517 623
517 866
517 893
518 532
518 584
518 585
518 602
518 603
518 677
518 802
518 842
518 844
518 862
518 894
519 533
519 572
519 576
519 578
519 665
519 681
519 697
519 750
519 847
519 851
520 552
520 610
520 628
520 680
520 711
520 716
520 717
520 741
520 775
520 780
520 812
520 892
521 548
521 562
521 634
521 647
521 650
521 698
521 775
521 831
521 857
521 890
522 572
522 583
522 683
522 738
522 798
522 865
523 534
523 585
523 595
523 614
523 650
523 733
523 749
524 580
524 589
524 648
524 666
524 706
524 711
524 734
524 758
524 762
524 821
524 851
524 891
525 547
525 565
525 566
525 662
525 712
525 741
525 859
525 867
525 869
525 878
526 556
526 584
526 595
526 714
526 737
527 541
527 579
527 606
527 667
527 732
527 753
527 805
527 889
528 563
528 594
528 620
528 653
528 680
528 763
528 821
528 826
528 829
528 850
528 873
529 603
529 604
529 666
529 700
529 733
529 746
529 791
529 803
529 808
529 816
529 826
529 874
530 592
530 623
530 704
530 709
530 757
530 790
530 818
530 852
531 534
531 543
531 561
531 579
531 583
531 600
531 728
531 733
531 747
531 759
531 824
531 827
532 562
532 616
532 619
532 632
532 677
532 706
532 717
532 722
532 740
532 756
532 771
532 798
532 814
532 834
532 861
532 864
532 884
532 897
533 565
533 580
533 582
533 605
533 611
533 753
533 810
534 716
534 803
534 868
535 555
535 646
535 666
535 681
535 699
535 832
535 860
536 542
536 616
536 626
536 658
536 726
536 752
536 790
536 862
537 657
537 712
537 839
537 865
537 870
537 887
538 542
538 547
538 575
538 609
538 613
538 615
538 790
538 832
538 839
539 591
539 592
539 598
539 616
539 621
539 631
539 663
539 702
539 713
539 747
539 750
539 758
539 788
539 793
539 883
540 557
540 607
540 649
540 696
540 770
540 790
540 794
540 885
540 891
541 543
541 582
541 621
541 705
541 735
541 770
541 772
541 789
542 666
542 740
542 828
542 830
542 842
543 630
543 636
543 672
543 710
543 749
543 813
543 836
543 839
543 883
543 896
544 553
544 574
544 624
544 681
544 801
544 814
544 861
545 559
545 613
545 765
545 773
545 802
545 842
545 846
546 584
546 599
546 612
546 630
546 663
546 702
546 722
546 731
546 738
546 762
546 830
547 562
547 647
547 715
547 762
547 781
547 828
547 854
547 867
547 875
548 616
548 733
548 751
548 806
548 827
548 859
548 875
549 566
549 573
549 759
549 771
549 773
549 781
549 794
549 878
550 573
550 619
550 736
550 776
550 805
550 825
550 839
551 631
551 708
551 719
551 732
551 826
551 846
551 864
551 878
551 881
552 574
552 582
552 591
552 641
552 661
552 731
552 815
552 843
552 860
552 877
553 656
553 685
553 708
553 762
553 780
553 781
553 814
553 837
553 889
554 601
554 612
554 730
554 739
554 743
554 820
554 857
554 887
555 606
555 632
555 813
555 835
556 656
556 716
556 740
556 836
556 862
557 688
557 718
557 763
557 780
557 861
557 886
558 608
558 740
558 824
558 895
559 565
559 632
559 684
559 710
559 711
559 774
559 806
559 879
560 594
560 623
560 629
560 653
560 665
560 675
560 676
560 711
560 745
560 752
560 780
560 816
561 577
561 643
561 653
561 672
561 691
561 703
561 757
561 883
562 587
562 641
562 654
562 659
562 725
562 843
562 877
562 878
563 582
563 669
563 681
563 708
563 756
563 884
563 892
564 609
564 621
564 627
564 662
564 726
564 733
564 762
564 817
564 847
564 894
565 568
565 587
565 595
565 658
565 665
565 777
565 796
565 855
566 621
566 627
566 653
566 665
566 707
566 716
566 745
566 755
566 815
566 854
566 874
567 670
567 733
567 762
567 810
567 825
568 584
568 740
568 744
568 868
568 869
568 884
568 885
568 894
569 661
569 736
569 748
569 846
569 887
570 571
570 578
570 606
570 635
570 656
570 776
570 781
570 783
570 890
571 620
571 623
571 635
571 672
571 689
571 697
571 699
571 723
571 746
571 761
571 819
571 834
571 867
571 875
572 621
572 638
572 698
572 752
572 859
573 686
573 712
573 730
573 810
573 844
573 897
574 864
574 877
575 654
575 702
575 717
575 740
575 839
575 848
575 869
575 899
576 647
576 779
576 782
576 831
577 662
577 672
577 721
577 818
577 871
577 885
578 589
578 631
578 739
578 759
578 774
579 580
579 585
579 605
579 625
579 692
579 717
579 755
579 795
579 847
579 868
579 895
579 899
580 681
580 778
580 823
580 877
580 885
580 898
581 600
581 623
581 658
581 731
581 745
581 792
581 820
582 599
582 604
582 607
582 625
582 629
582 795
582 801
583 589
583 601
583 714
583 788
583 829
583 867
584 656
584 660
584 836
584 864
585 588
585 617
585 645
585 661
585 685
585 702
585 764
585 795
585 800
585 801
585 835
585 838
585 854
585 862
585 882
586 594
586 721
586 724
586 748
586 793
586 829
586 849
586 870
586 875
587 658
587 695
587 698
587 740
587 766
587 768
587 820
587 828
588 623
588 642
588 797
588 845
588 868
589 628
589 640
589 703
589 734
589 749
589 759
589 763
589 815
589 865
590 597
590 611
590 637
590 660
590 723
590 729
590 740
590 795
590 804
590 864
591 612
591 622
591 827
591 863
592 637
592 639
592 683
592 755
592 796
592 827
592 850
593 647
593 689
593 725
593 754
593 818
593 888
594 640
594 726
594 749
594 772
594 786
594 818
594 870
595 596
595 603
595 638
595 640
595 715
595 788
595 831
595 835
595 864
596 662
596 697
596 758
596 892
597 613
597 690
597 691
597 789
597 807
597 840
597 852
597 890
598 643
598 648
598 657
598 676
598 896
599 616
599 704
599 710
599 742
599 745
599 795
599 801
599 816
599 846
599 864
600 655
600 678
600 734
600 737
600 761
600 785
600 802
600 860
601 685
601 694
601 766
601 787
601 796
601 808
601 831
601 853
602 636
602 699
602 770
602 794
602 823
602 885
602 886
603 640
603 641
603 657
603 678
603 679
603 685
603 697
603 734
603 759
603 768
603 778
603 850
604 618
604 662
604 726
604 741
604 880
605 607
605 664
605 725
605 818
605 866
606 613
606 688
606 720
606 749
606 760
606 780
606 820
606 847
606 858
607 653
607 659
607 677
607 726
607 762
607 774
607 830
607 883
608 625
608 676
608 761
608 768
608 874
608 898
609 636
609 639
609 677
609 701
609 722
609 767
609 776
609 824
609 826
609 841
609 881
609 887
610 634
610 723
610 744
610 812
610 838
610 875
610 880
610 899
611 641
611 668
611 748
611 775
611 841
611 847
611 859
612 650
612 750
612 768
612 788
612 813
612 849
612 877
612 880
612 885
613 689
613 745
613 747
613 763
613 773
613 821
613 878
613 892
614 648
614 731
614 767
614 840
614 858
614 864
614 878
614 885
615 634
615 636
615 638
615 671
615 798
615 832
615 853
615 859
615 879
615 895
616 624
616 633
616 736
616 860
617 656
617 672
617 688
617 781
617 835
617 840
617 848
617 896
618 715
618 744
618 753
618 757
618 864
619 659
619 694
619 725
619 799
619 800
619 831
619 834
619 850
619 876
619 898
620 630
620 731
620 768
620 785
620 814
620 898
621 669
621 808
621 822
621 872
621 877
621 880
622 626
622 638
622 640
622 654
622 657
622 790
622 850
622 869
622 889
623 705
623 751
623 786
624 656
624 690
624 701
624 709
624 719
624 771
624 778
624 838
624 881
624 887
624 899
625 633
625 675
625 716
625 729
625 744
625 787
625 814
625 871
626 638
626 639
626 669
626 687
626 713
626 735
626 804
626 833
626 869
626 896
627 644
627 710
627 735
627 763
627 812
627 897
628 635
628 658
628 733
628 753
628 781
628 823
628 851
628 864
628 885
629 637
629 688
629 724
629 726
629 756
629 831
629 855
630 635
630 661
630 785
630 793
630 814
630 856
630 870
630 897
631 747
631 765
631 777
631 834
631 860
632 733
632 786
632 794
632 796
632 847
633 640
633 667
633 694
633 792
633 834
633 885
634 650
634 784
634 808
634 828
634 864
634 878
635 651
635 669
635 744
635 745
635 812
635 841
635 880
636 645
636 653
636 685
636 714
636 727
636 757
636 767
636 810
636 833
637 647
637 670
637 726
637 771
637 783
637 824
638 666
638 722
638 752
638 830
638 837
638 845
639 847
639 878
640 673
640 725
640 735
640 749
640 899
641 650
641 781
641 790
641 813
641 838
641 849
642 644
642 692
642 723
642 771
642 806
642 822
642 829
642 843
642 877
643 648
643 650
643 714
643 771
643 814
643 884
644 754
644 818
644 834
644 836
645 676
645 679
645 688
645 695
645 826
646 670
646 711
646 735
646 737
646 803
646 812
646 842
647 654
647 670
647 697
647 702
647 710
647 722
647 785
647 836
647 859
647 893
648 650
648 716
648 729
648 753
648 807
648 812
648 876
648 883
648 889
649 685
649 771
650 715
650 736
650 761
650 763
650 849
650 855
650 885
651 693
651 735
651 773
651 791
651 793
651 794
651 798
651 875
652 666
652 693
652 785
652 789
652 837
652 888
653 714
653 898
654 759
654 799
655 668
655 669
655 698
655 721
655 818
656 761
656 788
656 872
657 674
658 670
658 690
658 739
658 760
658 817
659 808
659 894
660 663
660 698
660 767
660 780
660 807
660 833
660 843
660 847
660 850
660 854
660 861
660 864
660 881
660 891
661 682
661 705
661 720
661 732
661 794
661 805
661 828
661 884
661 900
662 672
662 676
662 736
662 749
662 750
662 770
662 807
662 877
663 692
663 715
663 812
663 838
664 666
664 724
664 735
664 802
664 840
665 703
665 748
665 829
665 856
665 875
665 881
666 743
666 766
666 784
666 862
666 870
667 683
667 710
667 761
667 768
667 788
667 883
668 811
668 826
668 845
668 855
668 856
668 870
669 731
669 807
669 868
669 871
669 888
669 894
670 671
670 703
670 756
670 772
670 817
670 880
671 732
672 701
672 753
673 680
673 694
673 747
673 845
673 853
673 888
673 896
674 816
674 843
674 880
675 681
675 713
675 758
675 787
675 819
675 838
676 833
676 834
676 872
677 678
677 688
677 763
677 771
677 783
677 789
677 795
677 812
677 815
677 817
677 833
677 848
678 708
678 721
678 736
678 803
678 856
678 868
678 885
679 706
679 779
679 780
679 785
679 789
679 804
680 711
680 781
680 793
680 820
680 853
680 864
680 872
681 702
681 710
681 717
681 718
681 731
681 812
681 844
681 871
682 754
682 780
682 787
682 827
682 872
683 689
683 770
683 786
683 880
684 703
684 774
684 786
684 798
685 690
685 720
685 773
685 779
685 857
686 712
686 744
686 777
686 780
686 804
686 851
687 705
687 729
687 731
687 749
687 793
687 824
687 895
688 764
688 801
688 808
688 819
689 854
689 858
689 879
689 900
690 700
690 760
690 843
690 849
690 878
691 719
691 742
691 744
691 770
691 840
692 747
692 784
692 866
692 886
693 715
693 753
693 759
693 874
693 878
694 750
694 827
694 831
695 775
695 809
695 880
695 894
696 715
696 718
696 750
696 763
696 786
696 862
697 714
697 731
697 793
697 831
697 882
697 895
698 721
698 728
698 736
698 786
698 794
698 869
699 716
699 731
700 702
700 719
700 758
700 806
700 810
700 848
700 866
700 881
701 704
701 770
701 885
701 897
701 899
702 745
702 775
702 827
702 843
702 866
703 722
703 840
704 731
704 738
704 755
704 838
704 864
705 787
705 839
705 855
706 721
706 775
706 832
706 850
706 852
706 881
707 753
707 813
707 891
708 716
708 751
708 800
708 837
708 868
708 870
709 717
709 890
710 739
710 757
710 802
710 848
710 864
711 759
711 849
712 741
713 738
713 776
713 802
713 824
713 850
714 830
714 887
714 893
716 732
716 734
716 802
716 869
717 760
717 763
717 796
718 724
718 735
718 757
718 802
718 814
718 818
718 833
718 855
718 883
719 731
719 752
719 757
719 787
719 807
719 823
719 847
719 855
719 867
720 732
720 752
720 810
720 857
721 778
721 784
721 797
721 838
721 844
722 777
722 795
722 813
722 891
723 725
723 733
723 827
723 845
723 872
724 728
724 758
724 769
724 865
725 728
725 737
725 830
726 742
726 769
726 773
726 890
727 867
727 883
728 782
728 877
729 737
729 890
730 840
730 854
731 760
731 796
731 866
732 743
732 774
732 785
732 840
732 870
733 746
733 772
733 791
733 798
733 816
733 854
734 791
734 817
734 857
734 873
735 747
735 781
735 810
735 849
735 863
736 781
736 823
736 898
737 775
737 777
737 832
737 890
738 756
738 840
738 842
738 893
739 744
739 751
739 752
739 810
739 883
740 800
740 814
740 843
740 891
741 833
741 885
742 774
742 845
742 870
742 874
743 760
743 764
743 809
743 831
743 860
744 768
744 771
744 790
744 798
745 759
745 807
745 826
745 834
746 753
746 781
746 790
746 877
746 882
746 890
747 777
747 886
747 895
748 804
748 852
748 867
748 881
749 788
749 820
749 841
749 894
750 791
750 795
750 832
750 854
750 869
751 785
751 848
752 759
752 775
752 815
752 829
753 772
753 795
753 822
753 836
753 873
753 897
754 898
755 761
755 784
755 816
755 845
755 847
756 833
756 855
757 817
757 898
758 855
759 774
760 771
760 871
761 813
761 823
761 870
762 806
762 880
762 898
763 778
763 844
763 851
763 860
763 870
764 828
764 852
764 896
765 820
765 892
766 808
766 833
766 879
766 900
767 797
767 818
767 829
767 835
768 793
768 798
768 871
768 894
769 785
769 793
769 798
769 810
769 824
769 834
769 840
770 779
770 802
770 853
770 859
770 861
770 889
771 817
771 849
772 896
773 786
773 850
773 870
773 880
773 900
774 775
774 805
775 793
775 869
775 888
776 859
777 845
777 887
777 893
778 818
778 823
779 825
780 830
780 831
780 842
780 850
781 793
781 811
781 829
781 850
781 853
782 846
782 864
782 889
784 806
784 850
784 869
784 890
784 896
785 795
785 843
785 860
785 876
786 829
786 837
786 848
786 874
786 876
786 897
787 849
787 885
788 824
788 848
788 859
789 809
789 813
789 860
790 838
790 851
791 825
792 799
792 867
793 827
794 850
795 860
797 799
797 826
797 867
798 868
798 874
799 818
799 837
799 852
799 878
801 808
801 879
802 893
804 825
804 854
804 879
805 810
805 830
805 852
805 894
806 810
806 824
806 834
808 832
808 834
808 862
808 898
809 859
810 841
810 891
811 855
812 826
812 886
812 895
813 817
814 852
814 872
815 822
815 839
816 820
816 846
817 829
817 856
817 870
817 873
818 819
818 824
819 866
820 872
821 843
821 846
821 854
822 862
822 895
825 847
825 891
826 877
827 874
827 875
828 844
828 877
828 895
829 849
830 893
831 873
832 890
832 894
833 855
834 863
835 900
836 868
837 873
839 877
840 890
841 856
841 858
842 861
843 881
844 898
845 887
845 900
848 858
848 874
848 896
849 882
849 894
849 896
850 870
851 877
852 880
853 859
853 889
854 889
854 891
854 899
855 893
857 883
859 878
859 880
859 897
864 891
865 900
866 869
868 872
869 894
872 884
873 897
874 878
874 896
875 886
875 900
876 881
876 883
876 886
878 883
878 900
881 900
885 893
893 894
894 896
