1 100
100 194
1 48
2 40
2 42
2 63
3 15
3 16
3 17
3 79
3 93
4 7
4 46
4 58
4 67
4 74
5 9
5 20
5 83
5 90
5 100
6 9
6 43
6 51
6 52
6 79
7 31
7 39
7 50
8 9
9 11
9 33
9 41
9 58
9 74
9 84
9 89
10 67
10 74
10 79
10 84
11 26
11 48
11 53
11 63
11 79
11 97
12 24
12 59
12 63
12 65
12 97
14 26
14 69
14 71
15 77
15 80
15 82
15 85
15 95
16 35
16 36
18 33
18 86
19 32
19 79
19 94
20 24
20 46
20 70
20 75
20 78
21 62
21 64
21 77
22 25
22 82
22 84
23 43
23 74
24 38
24 60
24 72
24 83
24 84
25 54
25 58
26 31
26 37
26 51
26 95
27 37
27 48
27 79
27 81
28 41
28 67
29 43
29 47
29 72
29 77
29 85
30 32
30 35
30 49
30 52
30 66
30 70
30 86
30 95
31 61
31 73
31 99
32 48
32 50
32 89
32 91
32 94
34 43
34 51
34 72
34 78
35 44
35 45
35 70
35 93
36 38
36 69
37 77
37 81
38 61
38 100
39 51
39 56
39 57
40 80
40 89
40 100
42 93
42 95
43 67
44 67
44 68
44 71
45 46
45 61
45 73
45 83
45 96
46 75
47 55
47 91
48 73
48 79
48 99
49 68
49 94
51 58
51 89
52 57
53 55
53 87
53 91
54 85
54 94
55 65
56 71
57 70
57 98
58 69
58 83
60 73
60 86
61 69
62 78
62 83
62 86
63 72
64 65
65 71
69 73
70 77
71 99
72 79
72 81
73 83
75 91
75 99
77 84
78 82
83 97
86 90
88 100
92 96
92 99
93 97
