1 800
800 1000
1 70
1 587
1 729
2 321
2 603
3 293
3 423
3 451
3 579
3 595
4 30
4 324
4 465
4 487
4 516
4 547
4 748
5 14
5 317
5 490
6 115
7 114
7 549
7 631
8 298
8 371
8 475
8 786
8 796
10 552
11 56
11 91
11 535
11 579
13 103
13 108
13 362
13 494
13 618
14 146
14 306
14 355
14 645
14 736
15 260
15 368
16 69
16 141
16 786
17 587
19 30
19 215
19 653
19 797
20 451
20 724
21 470
21 571
22 290
24 164
24 527
24 778
25 473
25 634
26 124
27 481
28 747
29 74
29 183
29 528
30 88
30 272
30 523
32 114
32 240
32 707
33 281
33 379
33 386
33 394
33 494
34 558
34 605
35 743
36 150
36 543
36 712
37 93
37 257
37 507
37 738
38 230
39 82
39 517
39 553
39 608
40 299
40 477
40 577
40 763
41 82
41 101
41 143
41 168
41 260
41 753
42 399
42 491
43 189
43 618
43 722
43 794
44 220
44 749
45 79
45 169
45 508
45 749
46 658
46 734
47 397
47 410
47 675
48 60
48 126
48 423
49 527
50 381
52 134
52 136
54 579
54 741
55 105
56 379
56 411
56 493
56 629
57 669
57 721
58 214
58 226
58 710
58 735
60 155
60 309
60 680
60 731
60 767
61 324
61 569
62 260
62 292
62 732
62 736
63 488
63 633
64 130
64 359
64 541
64 725
65 667
65 692
66 191
66 786
67 100
67 401
67 527
67 719
68 283
68 296
68 344
68 681
68 685
70 108
70 112
70 327
71 207
71 430
71 713
72 128
72 445
72 607
73 601
73 664
73 799
74 80
74 329
74 497
74 501
74 579
74 769
75 80
75 85
75 131
75 146
75 331
77 127
78 121
78 609
79 419
80 117
81 208
81 569
82 223
82 760
84 307
84 666
85 677
87 89
87 186
87 674
87 755
88 260
89 653
90 179
91 167
91 291
91 395
91 450
91 452
92 764
93 164
93 168
93 176
93 476
93 696
94 108
94 406
96 236
96 344
96 425
96 617
97 596
97 621
98 143
98 324
98 541
99 122
99 206
99 646
100 342
101 225
101 456
101 694
101 794
102 262
103 426
103 560
103 793
104 629
105 158
105 471
106 221
107 242
107 366
107 497
108 202
108 351
109 379
110 554
111 155
111 277
111 731
112 715
113 302
113 725
114 202
114 382
114 451
114 630
115 238
115 259
116 208
116 641
116 795
117 256
118 222
118 325
120 238
121 491
121 682
124 678
124 705
125 528
126 518
126 617
127 153
127 649
127 740
128 307
129 369
129 497
129 635
129 723
130 317
130 700
130 707
131 499
132 203
132 349
132 360
133 141
133 162
133 636
134 296
134 540
135 188
135 241
135 499
135 535
136 281
136 304
136 689
137 146
137 571
138 272
138 324
139 342
139 421
139 524
140 411
141 636
142 211
143 770
144 389
144 644
145 190
145 196
145 229
146 150
146 190
146 200
146 368
146 397
147 352
147 443
147 522
148 338
148 522
149 676
149 738
150 273
150 331
150 431
150 471
150 474
150 698
151 444
151 640
151 652
152 614
152 721
153 422
153 577
154 386
154 567
154 594
155 223
155 395
155 771
156 363
158 305
158 427
159 727
160 432
160 444
160 669
161 371
161 462
162 241
162 309
162 787
163 195
163 670
163 799
164 169
164 177
164 216
164 584
164 706
165 447
166 260
166 263
166 569
166 773
167 210
168 391
168 551
168 765
170 224
171 647
172 356
172 539
172 600
172 659
172 750
174 346
174 641
174 753
175 245
177 223
177 472
177 598
178 668
178 682
179 525
179 694
181 210
181 370
181 439
181 707
182 227
183 383
183 608
183 615
184 233
184 441
184 623
185 342
185 515
185 546
185 778
187 276
188 402
189 348
189 795
190 202
190 571
191 517
191 654
193 197
193 280
193 327
193 695
194 397
194 565
194 749
196 613
197 235
197 245
197 255
197 453
197 682
197 691
198 325
198 385
198 706
199 707
200 319
200 502
200 615
200 676
201 614
202 389
202 454
203 259
203 507
203 567
203 786
204 476
204 721
206 219
206 300
207 695
208 257
208 456
208 771
209 245
210 495
211 353
212 231
212 423
212 430
212 640
214 385
215 445
217 308
217 499
217 552
218 552
218 795
221 305
221 306
224 411
225 382
225 544
226 245
226 566
227 376
227 379
227 528
228 361
228 385
228 603
229 759
230 325
230 607
230 703
230 737
231 342
232 619
233 255
233 275
233 435
233 443
233 569
233 708
234 407
236 659
237 424
237 719
238 262
239 513
239 681
240 689
241 312
241 403
241 573
241 678
241 784
242 632
244 529
244 740
244 775
245 258
245 607
246 471
246 759
247 325
247 381
247 617
247 664
247 739
250 639
251 299
251 440
251 502
251 676
251 722
251 752
255 268
255 408
255 526
255 528
256 534
259 539
259 666
260 759
262 317
262 640
262 694
263 685
264 350
264 594
264 670
264 738
266 716
268 399
268 685
268 709
269 444
269 591
271 473
271 565
271 743
272 732
272 771
273 305
273 359
273 437
273 506
273 734
275 416
275 499
276 411
276 553
276 554
276 575
276 756
277 414
278 762
279 436
279 587
280 612
281 508
282 398
282 564
282 612
282 721
283 304
283 445
284 349
284 765
285 360
286 378
287 641
287 644
287 653
288 415
288 504
288 596
289 535
289 734
291 450
291 703
292 334
292 772
293 436
294 690
294 731
294 790
295 404
295 452
295 651
295 763
296 590
297 791
298 593
299 338
299 548
299 575
300 590
301 492
301 668
302 474
303 311
303 469
304 659
304 664
304 779
306 461
306 697
307 506
308 439
308 725
309 459
309 546
309 662
310 452
310 644
311 547
311 701
312 643
312 658
313 349
313 419
315 351
317 611
318 389
318 668
319 531
319 557
320 571
321 332
321 726
322 605
322 687
323 714
325 574
325 723
326 355
326 417
326 522
327 656
328 380
328 458
329 458
329 649
330 487
330 724
330 739
331 681
333 527
333 575
335 382
335 414
337 373
337 549
339 567
339 693
340 596
343 355
344 580
344 609
345 364
345 397
346 610
347 470
347 558
347 566
348 585
349 703
349 772
349 798
350 397
351 484
351 677
352 398
352 415
352 471
352 729
354 482
354 619
354 709
354 744
356 477
356 654
356 688
356 721
356 736
357 389
357 715
357 761
358 537
359 519
359 680
360 648
364 407
365 543
365 655
366 369
367 465
368 692
368 747
369 559
370 439
370 567
370 713
371 625
372 762
374 416
374 540
375 455
375 506
375 567
376 688
377 567
378 789
380 436
380 523
380 529
380 716
380 750
381 728
383 436
383 588
383 763
385 658
387 512
387 686
388 439
389 729
390 406
390 480
390 757
392 701
394 477
396 668
396 777
397 638
399 414
399 675
399 691
401 611
401 752
402 493
403 404
403 640
404 790
407 800
408 720
409 477
409 632
409 649
410 522
410 566
411 795
412 637
413 479
413 492
416 630
417 471
418 424
418 534
418 572
418 593
419 787
420 605
421 482
421 484
422 762
423 471
426 438
426 607
427 683
428 488
428 712
429 434
429 519
430 515
430 535
430 642
430 719
431 594
433 515
433 642
434 512
435 745
436 583
437 444
437 554
437 783
441 724
441 748
442 768
445 459
446 665
446 762
449 641
450 618
451 633
451 695
452 517
453 469
453 641
454 718
455 544
456 593
460 581
462 592
462 787
464 776
466 525
467 500
469 708
470 612
473 732
474 745
476 614
477 549
478 561
480 584
480 781
481 514
482 783
483 606
483 779
484 768
484 795
485 715
489 575
489 629
491 754
492 511
492 789
493 689
496 613
499 581
504 672
504 690
504 782
508 582
509 585
509 600
510 521
510 570
511 642
511 712
514 693
514 721
514 771
515 659
516 557
517 690
520 572
521 567
523 615
525 684
528 592
530 713
532 738
533 760
534 537
536 559
536 567
537 582
537 584
537 622
537 783
539 605
541 573
541 629
542 764
542 786
543 545
543 697
544 599
544 781
545 564
550 607
552 788
554 616
559 796
561 730
563 701
564 774
566 647
566 683
568 691
569 677
570 634
571 587
572 780
573 707
574 620
575 680
580 614
583 656
585 725
586 666
587 637
587 727
588 705
589 651
589 761
592 676
593 621
593 684
593 765
597 738
599 698
599 718
599 737
600 733
602 773
603 671
603 752
604 690
606 691
607 628
607 728
608 694
610 620
610 769
611 689
612 779
615 617
616 738
617 723
618 738
619 732
620 676
621 745
621 751
626 658
629 659
638 656
639 685
645 688
646 672
648 741
652 752
653 701
656 720
658 793
658 798
661 730
665 742
667 773
673 720
675 740
678 791
679 781
681 755
681 767
684 723
685 772
697 799
698 757
700 725
702 745
702 783
705 760
706 744
708 718
717 718
717 742
724 751
726 738
730 769
731 799
743 751
752 775
758 786
762 775
763 788
764 790
772 777
789 793
789 797
