1000 100
4 87 1 1 5 1 1 0 -1
57 8 23 5 3 2 2 0 -1
33 54 7 4 2 0 -1
92 1 4 1 1 1 -1
61 28 4 5 1 1 -1
33 2 20 5 17 16 3 1 3 0 -1
53 5 27 11 4 0 -1
3 93 3 1 -1
47 25 22 6 -1
96 2 2 0 -1
21 22 40 11 1 2 2 1 -1
46 31 10 6 3 3 1 0 -1
53 7 10 21 4 3 1 1 -1
57 27 12 4 -1
45 8 32 3 2 8 2 0 -1
59 19 8 4 1 8 1 0 -1
8 3 55 25 3 2 1 2 1 0 -1
40 14 44 1 1 0 -1
45 50 1 4 -1
69 14 3 7 1 2 3 1 -1
75 20 3 1 1 0 -1
79 10 11 0 -1
35 12 35 5 5 2 1 5 -1
80 18 1 1 -1
80 4 1 5 10 0 -1
83 1 6 5 2 2 1 0 -1
83 17 -1
55 33 6 1 2 2 1 0 -1
56 40 2 1 1 0 -1
29 71 -1
18 73 7 2 -1
50 34 2 12 2 0 -1
39 49 10 1 1 0 -1
33 60 1 6 -1
61 7 21 9 2 0 -1
58 4 19 7 8 4 -1
73 23 3 1 -1
41 41 11 2 1 2 2 0 -1
83 3 2 12 -1
81 19 -1
9 36 52 1 1 1 -1
60 11 8 10 9 1 1 0 -1
24 6 36 24 7 2 1 0 -1
59 27 9 2 1 2 -1
17 64 16 1 2 0 -1
23 55 4 3 7 3 2 2 1 0 -1
41 30 12 13 4 0 -1
36 30 28 2 4 0 -1
12 37 30 9 1 11 -1
39 25 8 4 5 19 -1
44 38 10 4 2 2 -1
44 7 7 31 6 2 1 1 1 0 -1
92 4 3 1 -1
9 35 38 1 14 3 -1
41 43 13 2 1 0 -1
8 40 12 24 13 1 2 0 -1
78 9 7 1 5 0 -1
37 10 28 7 5 5 2 4 1 1 -1
5 83 5 2 3 1 1 0 -1
9 78 9 4 -1
35 57 7 1 -1
89 2 6 3 -1
15 15 22 44 1 2 1 0 -1
61 6 10 10 3 5 3 2 -1
99 1 -1
57 16 12 6 8 1 -1
39 16 2 18 15 2 1 1 5 1 -1
20 2 76 2 -1
16 9 6 9 42 15 3 0 -1
9 42 9 22 18 0 -1
19 31 12 27 4 3 1 3 -1
28 8 34 9 11 10 -1
44 27 3 14 7 3 2 0 -1
97 3 -1
26 30 42 1 1 0 -1
93 2 1 1 3 0 -1
62 7 10 12 2 5 1 1 -1
47 52 1 0 -1
94 1 1 1 1 2 -1
21 75 4 0 -1
41 2 17 33 4 1 2 0 -1
26 53 9 2 7 2 1 0 -1
79 12 1 2 5 1 -1
94 2 4 0 -1
85 13 1 1 -1
16 53 27 2 2 0 -1
1 71 9 11 6 2 -1
79 10 7 1 1 2 -1
17 11 23 26 19 2 2 0 -1
42 48 9 1 -1
41 55 2 1 1 0 -1
11 54 10 15 6 3 1 0 -1
41 12 45 1 1 0 -1
52 21 13 3 2 7 1 1 -1
15 60 25 0 -1
77 7 15 1 -1
36 44 14 4 1 1 -1
92 3 3 1 1 0 -1
71 5 10 3 1 10 -1
44 23 33 0 -1
54 46 -1
50 11 3 9 3 22 2 0 -1
80 20 -1
28 68 1 1 2 0 -1
33 5 18 2 10 15 1 1 6 3 4 2 -1
61 32 7 0 -1
29 15 20 19 1 15 1 0 -1
74 17 2 4 2 1 -1
72 26 2 0 -1
63 22 11 1 1 1 1 0 -1
20 27 39 11 2 1 -1
17 61 17 3 1 1 -1
99 1 -1
84 5 9 2 -1
46 46 1 1 1 1 4 0 -1
100 0 -1
57 7 12 14 6 4 -1
86 12 1 1 -1
13 84 3 0 -1
16 54 23 4 3 0 -1
94 3 1 1 1 0 -1
4 1 94 1 -1
8 61 21 2 7 1 -1
20 66 1 2 4 4 1 2 -1
66 28 1 5 -1
87 7 6 0 -1
90 2 5 3 -1
44 39 10 7 -1
99 1 -1
28 46 15 2 6 3 -1
100 0 -1
48 17 22 13 -1
63 26 5 1 2 2 1 0 -1
84 7 1 4 2 1 1 0 -1
49 44 7 0 -1
83 7 8 1 1 0 -1
27 2 43 4 24 0 -1
30 51 1 8 2 6 2 0 -1
76 22 2 0 -1
52 12 18 13 5 0 -1
77 12 1 8 1 1 -1
85 10 3 2 -1
100 0 -1
74 14 11 1 -1
32 61 2 3 2 0 -1
53 11 22 5 3 1 3 1 1 0 -1
75 10 12 3 -1
43 57 -1
64 9 5 17 3 1 1 0 -1
69 26 5 0 -1
6 57 33 1 1 2 -1
100 0 -1
64 28 5 1 2 0 -1
57 31 5 4 1 1 1 0 -1
28 51 12 6 1 1 1 0 -1
12 8 16 53 9 2 -1
21 2 20 47 3 7 -1
4 28 17 2 39 7 3 0 -1
42 18 3 29 7 1 -1
24 28 26 11 10 1 -1
69 30 1 0 -1
15 40 44 1 -1
4 76 6 1 3 8 2 0 -1
75 7 1 7 7 2 1 0 -1
53 8 27 11 1 0 -1
1 16 55 20 6 1 1 0 -1
14 26 35 10 8 4 3 0 -1
40 40 6 4 2 2 2 3 1 0 -1
84 11 1 4 -1
51 20 9 16 2 2 -1
88 2 9 1 -1
86 12 1 1 -1
68 31 1 0 -1
76 18 6 0 -1
2 68 26 2 1 1 -1
76 22 2 0 -1
70 2 5 16 2 1 1 3 -1
96 3 1 0 -1
32 68 -1
61 13 17 2 4 2 1 0 -1
78 21 1 0 -1
69 24 6 1 -1
58 33 2 6 1 0 -1
63 32 1 3 1 0 -1
31 53 2 12 1 1 -1
73 11 4 6 1 5 -1
84 5 8 1 1 1 -1
87 2 9 2 -1
9 65 21 5 -1
40 40 4 9 7 0 -1
89 4 3 3 1 0 -1
53 38 1 3 5 0 -1
34 1 34 21 9 1 -1
64 3 31 1 1 0 -1
17 9 52 13 6 3 -1
89 10 1 0 -1
39 51 9 1 -1
92 7 1 0 -1
9 59 13 17 1 1 -1
9 74 10 3 4 0 -1
88 2 10 0 -1
89 11 -1
87 9 4 0 -1
35 60 1 1 3 0 -1
45 23 27 2 1 2 -1
13 87 -1
64 2 16 12 5 1 -1
70 26 2 1 1 0 -1
14 62 20 1 1 1 1 0 -1
83 5 12 0 -1
92 2 3 2 1 0 -1
23 49 26 1 1 0 -1
22 54 10 10 3 1 -1
87 5 2 4 1 1 -1
54 42 3 1 -1
57 40 1 1 1 0 -1
89 4 2 1 3 1 -1
59 4 29 3 5 0 -1
13 2 12 52 4 13 1 3 -1
12 82 1 3 1 1 -1
91 8 1 0 -1
55 9 2 28 5 1 -1
2 8 78 9 1 2 -1
97 2 1 0 -1
86 8 1 4 1 0 -1
84 11 4 1 -1
48 4 27 21 -1
7 50 38 3 2 0 -1
86 11 3 0 -1
7 89 3 1 -1
100 0 -1
46 22 5 1 16 6 3 1 -1
49 31 17 2 1 0 -1
4 17 7 8 24 3 35 1 1 0 -1
62 25 6 2 4 1 -1
3 21 9 52 6 8 1 0 -1
29 54 15 2 -1
33 19 20 8 6 6 1 7 -1
7 28 49 5 1 3 5 2 -1
56 27 13 3 1 0 -1
39 35 14 12 -1
18 81 1 0 -1
49 20 25 5 1 0 -1
10 9 40 26 13 1 1 0 -1
62 32 4 1 1 0 -1
42 58 -1
31 13 47 7 1 1 -1
87 13 -1
64 19 12 5 -1
78 4 15 1 2 0 -1
76 10 10 3 1 0 -1
64 4 22 4 1 2 1 1 1 0 -1
38 62 -1
84 5 10 1 -1
7 12 57 6 5 3 9 1 -1
31 32 4 8 15 1 7 2 -1
29 23 47 1 -1
52 5 23 2 8 7 2 1 -1
57 6 2 19 13 2 1 0 -1
88 5 3 2 1 1 -1
83 16 1 0 -1
86 13 1 0 -1
57 4 1 33 5 0 -1
59 35 4 2 -1
71 4 25 0 -1
20 24 39 7 9 1 -1
10 69 18 3 -1
6 6 57 17 10 1 2 1 -1
62 32 1 3 1 1 -1
42 2 50 3 2 1 -1
1 51 25 14 3 5 1 0 -1
1 42 35 14 4 2 1 1 -1
69 19 2 8 2 0 -1
67 29 2 1 1 0 -1
66 24 9 1 -1
32 16 50 2 -1
50 39 7 4 -1
72 11 16 1 -1
74 19 5 1 1 0 -1
70 27 3 0 -1
71 23 3 1 1 1 -1
100 0 -1
26 42 24 4 2 2 -1
48 13 37 1 1 0 -1
18 5 66 10 1 0 -1
32 8 38 22 -1
96 3 1 0 -1
57 19 3 11 3 6 1 0 -1
74 8 6 8 4 0 -1
28 62 8 2 -1
93 6 1 0 -1
20 18 21 8 31 2 -1
81 6 12 1 -1
93 6 1 0 -1
24 44 18 6 1 2 5 0 -1
85 3 8 4 -1
67 25 3 3 1 1 -1
55 14 17 1 11 1 1 0 -1
75 17 1 5 1 1 -1
54 5 13 18 4 2 3 1 -1
23 64 11 2 -1
95 3 1 1 -1
69 29 2 0 -1
95 3 2 0 -1
82 17 1 0 -1
67 23 9 1 -1
45 52 1 2 -1
62 18 19 1 -1
75 9 10 6 -1
59 39 1 1 -1
34 22 23 15 6 0 -1
21 51 23 3 2 0 -1
25 65 5 1 2 1 1 0 -1
65 5 7 10 10 3 -1
16 33 14 28 4 5 -1
63 5 31 1 -1
35 21 37 5 2 0 -1
74 5 1 20 -1
92 4 2 2 -1
51 39 9 1 -1
2 77 16 5 -1
46 10 12 19 3 7 1 1 1 0 -1
58 15 24 2 1 0 -1
59 5 23 2 2 6 3 0 -1
19 27 21 5 1 5 4 13 4 1 -1
82 9 7 1 1 0 -1
5 2 81 6 4 2 -1
83 3 11 2 1 0 -1
65 13 9 12 1 0 -1
86 11 3 0 -1
85 6 5 1 1 2 -1
62 33 5 0 -1
21 42 10 26 1 0 -1
93 5 1 1 -1
94 3 2 1 -1
5 93 1 1 -1
26 48 8 8 4 4 2 0 -1
34 58 8 0 -1
90 7 2 1 -1
12 18 44 1 22 1 1 1 -1
96 2 1 1 -1
4 56 34 3 1 1 1 0 -1
46 24 8 19 3 0 -1
92 7 1 0 -1
77 12 7 4 -1
11 55 11 17 5 1 -1
33 42 3 19 3 0 -1
97 3 -1
38 18 8 32 1 3 -1
60 22 17 1 -1
43 54 2 1 -1
57 21 17 5 -1
96 3 1 0 -1
60 9 7 1 8 5 8 1 1 0 -1
75 9 8 4 3 1 -1
68 23 6 2 1 0 -1
53 32 14 1 -1
30 35 11 12 3 3 6 0 -1
55 41 2 1 1 0 -1
51 19 16 11 1 2 -1
85 9 5 1 -1
81 19 -1
68 32 -1
4 2 38 40 12 4 -1
22 4 27 23 3 4 14 3 -1
18 57 20 2 1 1 1 0 -1
37 14 49 0 -1
19 74 3 2 2 0 -1
20 57 6 1 16 0 -1
89 11 -1
19 47 5 21 6 2 -1
57 14 12 8 4 4 1 0 -1
37 19 21 2 4 5 8 1 3 0 -1
22 59 6 3 4 3 1 1 1 0 -1
7 86 2 3 2 0 -1
16 1 13 26 24 5 9 5 1 0 -1
61 24 7 4 1 3 -1
51 28 1 11 2 4 2 1 -1
8 23 65 2 1 1 -1
14 76 6 1 2 1 -1
95 4 1 0 -1
91 9 -1
37 5 55 2 1 0 -1
16 48 3 14 13 5 1 0 -1
30 1 9 27 4 3 12 8 6 0 -1
71 4 20 4 1 0 -1
42 34 10 8 2 1 2 1 -1
37 39 19 5 -1
75 21 1 2 1 0 -1
39 46 7 8 -1
97 3 -1
46 15 21 16 1 1 -1
11 40 35 3 4 6 1 0 -1
76 6 6 4 4 2 1 1 -1
93 1 1 4 1 0 -1
77 4 11 5 3 0 -1
61 5 10 5 2 15 1 1 -1
24 42 16 10 6 1 1 0 -1
79 6 1 8 5 1 -1
32 39 14 2 12 1 -1
75 9 3 11 2 0 -1
17 32 9 6 9 11 12 3 1 0 -1
22 23 48 7 -1
93 3 4 0 -1
60 10 16 11 3 0 -1
6 38 10 46 -1
47 6 3 2 12 29 1 0 -1
72 15 11 2 -1
73 19 7 1 -1
10 80 5 4 1 0 -1
42 13 29 16 -1
32 6 27 34 1 0 -1
100 0 -1
47 36 5 8 1 3 -1
85 12 1 2 -1
40 5 32 21 2 0 -1
97 3 -1
75 16 4 4 1 0 -1
39 36 25 0 -1
8 15 45 16 10 2 4 0 -1
66 12 14 6 2 0 -1
80 14 5 1 -1
82 11 6 1 -1
94 4 1 1 -1
83 11 4 1 1 0 -1
22 52 7 17 2 0 -1
2 60 26 7 1 1 2 1 -1
61 16 20 2 1 0 -1
65 33 2 0 -1
70 11 8 7 2 2 -1
27 62 11 0 -1
7 68 14 8 3 0 -1
81 18 1 0 -1
74 19 3 3 1 0 -1
60 9 5 26 -1
46 33 17 3 1 0 -1
8 78 1 7 1 2 1 2 -1
40 50 4 1 4 1 -1
97 2 1 0 -1
11 26 28 35 -1
75 23 2 0 -1
77 10 9 3 1 0 -1
49 5 19 27 -1
67 4 28 1 -1
98 1 1 0 -1
16 16 57 9 1 1 -1
3 70 21 2 2 2 -1
56 32 2 5 5 0 -1
86 1 1 9 1 2 -1
34 15 13 15 21 1 1 0 -1
57 7 1 35 -1
12 38 29 2 4 10 2 3 -1
47 15 11 18 5 3 1 0 -1
48 26 6 19 1 0 -1
16 65 17 2 -1
89 7 4 0 -1
80 18 1 1 -1
33 61 6 0 -1
93 7 -1
79 13 5 2 1 0 -1
93 1 5 1 -1
85 4 2 7 2 0 -1
74 17 2 7 -1
65 33 2 0 -1
37 35 13 5 1 5 3 1 -1
87 10 1 2 -1
59 40 1 0 -1
81 5 14 0 -1
27 52 17 3 1 0 -1
29 35 13 4 14 3 1 1 -1
80 18 1 1 -1
89 9 2 0 -1
68 15 16 1 -1
53 26 10 11 -1
80 10 4 5 1 0 -1
86 7 3 1 2 1 -1
84 11 4 1 -1
86 6 7 1 -1
8 42 35 2 6 7 -1
69 9 7 8 4 3 -1
59 8 10 21 2 0 -1
67 22 6 1 2 2 -1
52 44 2 1 1 0 -1
53 41 2 1 3 0 -1
17 73 9 1 -1
99 1 -1
78 12 4 2 2 2 -1
43 38 4 9 2 4 -1
9 61 15 11 4 0 -1
26 70 2 1 1 0 -1
25 58 5 2 2 4 2 2 -1
86 13 1 0 -1
49 32 12 4 3 0 -1
41 56 1 1 1 0 -1
38 1 45 14 1 1 -1
30 7 13 3 43 3 1 0 -1
9 51 15 3 5 15 2 0 -1
57 7 36 0 -1
40 57 1 1 1 0 -1
79 4 10 6 1 0 -1
9 77 13 1 -1
47 27 8 14 1 2 1 0 -1
26 69 4 1 -1
95 1 2 1 1 0 -1
64 4 17 8 3 3 1 0 -1
39 50 4 6 1 0 -1
9 17 8 41 6 4 2 13 -1
13 54 4 27 1 1 -1
94 2 1 3 -1
6 57 6 16 5 6 3 1 -1
18 77 1 3 1 0 -1
71 27 2 0 -1
87 3 9 1 -1
48 31 15 2 1 3 -1
99 1 -1
42 45 1 9 2 1 -1
89 9 1 1 -1
68 24 5 2 1 0 -1
43 4 35 8 9 1 -1
30 19 33 12 4 1 1 0 -1
94 6 -1
24 74 1 1 -1
46 17 10 9 3 12 3 0 -1
44 23 10 9 12 2 -1
45 55 -1
2 37 22 15 6 9 6 3 -1
4 83 5 1 2 4 1 0 -1
28 6 49 13 1 2 1 0 -1
93 4 3 0 -1
97 2 1 0 -1
20 10 63 2 5 0 -1
74 24 2 0 -1
82 5 6 4 2 1 -1
82 10 3 2 1 2 -1
3 18 49 1 24 1 1 3 -1
98 2 -1
5 61 14 9 3 3 5 0 -1
25 60 5 1 7 2 -1
34 46 16 2 2 0 -1
39 45 7 7 2 0 -1
82 7 6 3 1 1 -1
29 71 -1
28 26 12 30 3 1 -1
64 19 11 4 1 1 -1
58 9 18 15 -1
38 33 21 7 1 0 -1
92 8 -1
10 6 73 6 4 1 -1
57 18 22 1 2 0 -1
64 22 3 1 5 1 1 1 1 1 -1
10 58 27 5 -1
25 26 36 4 2 6 1 0 -1
88 9 3 0 -1
83 14 1 1 1 0 -1
55 35 10 0 -1
69 4 20 7 -1
47 10 33 4 1 2 2 1 -1
62 30 3 3 1 1 -1
11 26 62 1 -1
60 32 6 1 1 0 -1
62 34 1 2 1 0 -1
30 5 37 1 4 20 1 1 1 0 -1
62 38 -1
79 3 15 3 -1
26 67 2 5 -1
85 13 1 1 -1
10 12 45 14 2 5 10 2 -1
9 24 7 34 14 6 5 1 -1
51 25 15 9 -1
38 38 3 8 7 3 1 2 -1
91 8 1 0 -1
38 61 1 0 -1
8 1 39 21 22 8 1 0 -1
99 1 -1
84 2 13 1 -1
81 15 3 1 -1
76 18 1 2 2 1 -1
26 24 32 11 1 2 4 0 -1
46 40 7 7 -1
52 42 5 1 -1
35 48 9 8 -1
70 11 4 14 1 0 -1
66 14 19 1 -1
53 10 7 27 2 1 -1
39 30 30 1 -1
86 8 2 4 -1
39 58 2 1 -1
47 47 4 1 1 0 -1
99 1 -1
55 35 9 1 -1
50 25 10 14 1 0 -1
74 25 1 0 -1
87 10 1 1 1 0 -1
5 33 18 38 4 2 -1
29 11 56 1 2 1 -1
2 68 28 1 1 0 -1
86 13 1 0 -1
79 3 5 10 3 0 -1
63 27 6 3 1 0 -1
29 10 19 40 2 0 -1
50 19 25 2 2 2 -1
23 64 1 10 1 1 -1
36 56 5 2 1 0 -1
45 35 20 0 -1
75 19 1 3 2 0 -1
99 1 -1
18 55 27 0 -1
78 17 3 1 1 0 -1
70 3 7 11 7 1 1 0 -1
27 17 55 1 -1
5 45 2 9 33 6 -1
3 58 18 4 17 0 -1
59 5 26 10 -1
91 2 1 3 1 2 -1
43 13 26 1 13 1 1 1 1 0 -1
2 62 16 18 2 0 -1
25 33 36 2 2 1 1 0 -1
36 63 1 0 -1
58 9 3 21 2 4 2 1 -1
98 1 1 0 -1
59 9 29 1 2 0 -1
5 82 6 4 2 1 -1
60 16 9 5 9 1 -1
62 26 9 1 1 1 -1
70 5 1 17 6 1 -1
17 81 1 1 -1
97 2 1 0 -1
12 70 2 12 4 0 -1
51 47 1 1 -1
62 6 11 5 4 6 3 3 -1
58 24 2 16 -1
80 17 3 0 -1
78 18 2 2 -1
20 12 10 24 14 15 1 1 3 0 -1
48 14 11 10 1 3 6 7 -1
21 26 50 1 2 0 -1
65 35 -1
18 44 13 14 8 2 1 0 -1
32 37 30 1 -1
21 45 4 18 8 1 1 2 -1
6 25 50 14 2 1 2 0 -1
45 27 17 4 5 1 1 0 -1
98 1 1 0 -1
1 45 45 7 1 1 -1
99 1 -1
45 36 8 5 6 0 -1
75 10 3 1 9 1 1 0 -1
18 24 6 49 2 1 -1
74 13 9 1 1 2 -1
47 24 19 1 2 2 4 1 -1
98 1 1 0 -1
82 8 2 3 1 1 1 2 -1
45 40 4 5 5 1 -1
40 58 2 0 -1
75 8 14 1 2 0 -1
71 18 7 2 1 1 -1
42 4 3 21 14 3 5 1 3 1 2 1 -1
58 3 10 25 3 1 -1
5 93 2 0 -1
58 15 12 12 3 0 -1
65 19 16 0 -1
27 62 7 1 1 2 -1
39 55 5 1 -1
88 1 10 1 -1
44 26 22 8 -1
35 50 4 1 6 3 1 0 -1
75 18 2 1 4 0 -1
93 5 2 0 -1
33 29 36 1 1 0 -1
70 26 2 2 -1
9 29 31 6 7 16 1 1 -1
36 3 42 10 3 3 1 2 -1
47 5 18 21 6 1 1 1 -1
52 19 22 5 1 1 -1
66 11 23 0 -1
99 1 -1
65 30 3 2 -1
43 7 18 24 1 1 4 2 -1
44 27 19 3 7 0 -1
73 21 3 2 1 0 -1
27 60 1 4 1 2 1 4 -1
68 22 2 4 2 2 -1
92 8 -1
52 38 2 4 4 0 -1
73 4 7 15 1 0 -1
59 20 17 4 -1
71 29 -1
25 58 6 4 3 1 1 1 1 0 -1
80 6 11 1 2 0 -1
34 64 1 1 -1
99 1 -1
94 6 -1
2 31 43 5 11 1 1 1 4 1 -1
19 34 25 6 7 2 2 4 1 0 -1
55 38 4 2 1 0 -1
98 1 1 0 -1
68 29 2 1 -1
65 2 21 5 2 2 3 0 -1
41 53 4 2 -1
41 18 19 17 5 0 -1
31 66 1 1 1 0 -1
60 23 6 2 3 6 -1
1 13 50 16 20 0 -1
33 18 16 16 7 3 2 1 1 2 1 0 -1
48 47 5 0 -1
70 11 5 12 2 0 -1
58 5 32 5 -1
19 31 29 17 2 1 1 0 -1
34 60 1 2 2 1 -1
17 49 16 3 6 7 2 0 -1
70 9 12 7 1 1 -1
97 3 -1
85 3 1 1 5 4 1 0 -1
29 65 1 3 2 0 -1
46 10 10 31 2 1 -1
5 21 11 24 8 17 2 1 10 1 -1
70 20 9 1 -1
3 42 28 3 21 2 1 0 -1
71 28 1 0 -1
81 1 16 2 -1
45 53 1 1 -1
61 8 13 4 13 1 -1
3 57 36 1 1 2 -1
86 8 5 1 -1
92 1 2 2 2 1 -1
100 0 -1
21 63 12 1 1 2 -1
41 26 21 8 3 1 -1
38 62 -1
30 30 7 30 2 1 -1
2 65 18 1 9 1 4 0 -1
30 38 31 1 -1
25 57 11 4 2 1 -1
98 1 1 0 -1
25 8 55 2 6 1 2 1 -1
64 36 -1
69 7 12 8 2 2 -1
36 44 17 2 1 0 -1
17 63 10 4 2 3 1 0 -1
8 78 11 2 1 0 -1
35 65 -1
41 45 1 9 2 1 1 0 -1
76 18 1 3 1 1 -1
91 9 -1
67 21 10 1 1 0 -1
32 31 37 0 -1
70 23 4 2 1 0 -1
5 10 5 28 52 0 -1
17 79 3 1 -1
76 15 6 1 2 0 -1
47 53 -1
76 21 1 2 -1
95 5 -1
65 6 5 18 3 2 1 0 -1
88 5 2 2 2 1 -1
85 1 11 1 2 0 -1
25 20 7 25 13 4 6 0 -1
86 10 4 0 -1
61 37 1 1 -1
63 12 14 2 2 5 2 0 -1
58 12 14 9 6 1 -1
79 2 5 3 1 5 1 3 1 0 -1
12 36 21 4 15 3 8 1 -1
43 41 2 5 4 5 -1
47 17 17 14 4 1 -1
94 4 1 1 -1
40 6 24 13 3 2 7 3 2 0 -1
98 2 -1
28 54 7 2 5 1 1 2 -1
69 4 4 22 1 0 -1
65 16 7 3 9 0 -1
72 11 13 3 1 0 -1
100 0 -1
98 1 1 0 -1
22 71 7 0 -1
91 7 2 0 -1
71 21 3 5 -1
54 10 1 15 6 4 5 4 1 0 -1
63 24 2 1 3 2 4 1 -1
48 9 42 1 -1
96 3 1 0 -1
32 56 5 4 3 0 -1
19 58 16 1 3 3 -1
7 38 53 1 1 0 -1
61 24 1 12 2 0 -1
53 47 -1
86 10 4 0 -1
70 24 3 1 1 1 -1
28 43 16 1 10 2 -1
2 34 54 4 1 4 1 0 -1
34 33 17 10 1 3 2 0 -1
7 83 9 1 -1
9 27 29 15 18 2 -1
84 11 1 1 2 1 -1
84 2 10 1 2 1 -1
48 32 6 12 2 0 -1
27 4 42 25 1 1 -1
64 27 2 6 1 0 -1
4 63 17 8 4 4 -1
39 8 25 11 12 5 -1
77 8 10 1 2 2 -1
26 3 7 27 16 20 1 0 -1
59 39 1 1 -1
46 25 21 3 2 3 -1
74 11 2 8 3 1 1 0 -1
34 23 36 3 2 2 -1
44 54 2 0 -1
22 51 10 13 3 1 -1
16 78 3 3 -1
55 27 3 8 3 1 3 0 -1
52 15 29 2 1 1 -1
12 54 19 9 2 1 2 1 -1
37 17 22 22 2 0 -1
75 19 3 3 -1
80 3 14 3 -1
63 33 2 2 -1
10 13 31 2 9 1 24 8 2 0 -1
79 15 2 4 -1
100 0 -1
81 6 1 3 5 3 1 0 -1
44 38 3 2 11 2 -1
29 1 46 11 1 9 1 2 -1
55 42 1 2 -1
81 1 13 2 1 1 1 0 -1
18 61 17 3 1 0 -1
69 17 1 9 2 1 1 0 -1
61 10 24 5 -1
16 18 49 2 13 1 1 0 -1
39 26 34 1 -1
92 5 2 1 -1
22 60 17 1 -1
87 11 2 0 -1
15 21 61 1 1 1 -1
66 2 12 15 2 3 -1
91 2 6 1 -1
10 63 26 1 -1
40 28 22 7 2 1 -1
96 2 1 1 -1
80 8 5 3 1 1 1 1 -1
90 4 3 3 -1
22 24 41 6 6 1 -1
98 1 1 0 -1
12 79 8 1 -1
56 13 5 11 12 2 1 0 -1
21 15 29 19 13 2 1 0 -1
10 7 13 23 23 7 1 9 7 0 -1
84 1 12 1 1 1 -1
56 14 9 19 2 0 -1
57 7 9 1 16 3 2 1 2 2 -1
98 1 1 0 -1
15 37 14 30 4 0 -1
84 3 4 6 2 1 -1
38 55 4 1 2 0 -1
86 14 -1
95 5 -1
86 8 1 4 1 0 -1
80 20 -1
55 20 7 5 4 6 1 1 1 0 -1
23 22 37 1 17 0 -1
8 31 23 2 1 14 17 4 -1
52 9 38 1 -1
24 57 16 1 1 1 -1
85 14 1 0 -1
34 23 5 2 9 27 -1
61 13 24 2 -1
91 1 5 1 1 1 -1
79 11 2 3 2 3 -1
79 15 3 2 1 0 -1
9 57 8 10 15 1 -1
77 4 1 13 2 3 -1
10 29 46 15 -1
88 12 -1
21 22 37 9 10 1 -1
92 6 1 1 -1
11 16 60 1 8 3 1 0 -1
58 34 4 2 2 0 -1
70 15 5 4 3 3 -1
100 0 -1
64 26 3 4 3 0 -1
64 8 21 2 5 0 -1
26 23 48 2 1 0 -1
1 30 41 28 -1
90 3 6 1 -1
8 36 35 15 4 2 -1
34 46 3 9 4 3 1 0 -1
59 16 7 14 3 1 -1
17 45 5 8 4 5 15 1 -1
3 69 23 3 1 1 -1
87 10 2 1 -1
32 53 4 5 3 2 1 0 -1
82 6 9 1 2 0 -1
93 1 4 2 -1
56 12 25 7 -1
59 12 3 5 3 7 11 0 -1
4 2 4 73 3 4 5 4 1 0 -1
1 83 11 1 2 2 -1
10 70 17 2 1 0 -1
50 20 12 8 5 4 1 0 -1
95 1 3 1 -1
94 4 1 1 -1
55 11 23 1 8 1 1 0 -1
18 8 53 21 -1
51 41 6 1 1 0 -1
20 68 12 0 -1
20 44 13 19 1 3 -1
53 8 8 3 4 1 13 5 4 1 -1
43 8 15 4 6 17 5 1 1 0 -1
49 28 14 8 1 0 -1
67 10 7 2 9 2 3 0 -1
24 76 -1
22 25 45 4 3 1 -1
25 62 4 5 4 0 -1
23 62 14 1 -1
81 8 7 3 1 0 -1
63 34 2 1 -1
62 23 12 3 -1
95 2 3 0 -1
90 1 9 0 -1
5 65 9 4 9 1 2 3 2 0 -1
6 80 6 1 1 1 3 1 1 0 -1
12 54 14 18 2 0 -1
48 19 25 4 2 1 1 0 -1
67 26 7 0 -1
72 13 12 1 1 1 -1
41 56 2 1 -1
7 87 3 2 1 0 -1
24 74 2 0 -1
56 36 7 1 -1
17 21 55 6 1 0 -1
35 1 20 25 19 0 -1
23 37 28 5 2 1 3 1 -1
42 35 4 3 15 1 -1
58 34 1 3 1 1 2 0 -1
4 70 9 8 2 5 1 1 -1
68 31 1 0 -1
59 19 1 13 7 1 -1
92 4 1 2 1 0 -1
22 43 8 16 10 1 -1
93 3 4 0 -1
90 4 3 3 -1
14 22 35 8 4 5 11 1 -1
34 43 10 3 6 4 -1
62 31 6 1 -1
11 65 9 15 -1
74 23 2 1 -1
92 4 1 3 -1
29 3 11 6 19 11 5 16 -1
41 43 10 6 -1
55 7 6 19 7 5 1 0 -1
17 31 2 14 19 10 4 2 1 0 -1
12 4 62 1 17 3 1 0 -1
5 59 20 6 8 1 1 0 -1
29 32 12 20 6 1 -1
19 67 8 5 1 0 -1
23 14 32 30 1 0 -1
61 20 4 2 1 12 -1
9 20 59 7 4 1 -1
80 14 1 5 -1
19 32 18 19 6 2 3 1 -1
74 15 2 8 1 0 -1
85 1 2 4 4 2 1 1 -1
30 38 31 1 -1
69 6 12 10 2 1 -1
16 63 5 1 9 6 -1
6 7 25 13 28 9 1 9 2 0 -1
33 37 24 4 2 0 -1
30 28 18 20 1 3 -1
44 33 9 9 1 1 1 2 -1
47 49 1 3 -1
24 8 50 13 4 1 -1
57 13 24 6 -1
50 43 7 0 -1
52 6 40 1 1 0 -1
66 10 11 2 10 1 -1
54 7 30 9 -1
74 7 8 4 4 3 -1
7 70 18 2 2 1 -1
23 52 18 1 6 0 -1
28 38 31 3 -1
79 11 7 1 1 1 -1
13 12 25 5 7 24 7 7 -1
8 41 30 8 13 0 -1
39 32 7 13 7 1 1 0 -1
74 25 1 0 -1
96 2 2 0 -1
75 22 2 1 -1
100 0 -1
47 53 -1
32 17 13 27 3 1 3 1 2 1 -1
86 8 2 3 1 0 -1
32 3 29 22 11 1 2 0 -1
89 8 3 0 -1
42 5 17 25 10 1 -1
74 22 3 1 -1
67 4 9 8 5 7 -1
16 70 1 10 2 1 -1
9 19 32 1 25 13 1 0 -1
39 4 36 16 5 0 -1
8 91 1 0 -1
13 13 36 5 7 9 12 3 1 1 -1
