1000 1000
627 137 64 151 11 6 3 1 -1
896 32 48 12 8 4 -1
107 414 462 6 10 1 -1
715 149 5 43 7 5 44 30 2 0 -1
756 216 19 2 6 1 -1
409 58 21 484 17 10 1 0 -1
242 573 6 72 45 7 21 7 3 4 14 1 1 2 2 0 -1
218 29 389 166 15 107 33 25 3 7 4 4 -1
80 46 341 425 92 6 1 7 2 0 -1
14 204 762 9 9 1 1 0 -1
128 141 331 68 179 140 5 4 4 0 -1
56 684 133 1 24 93 9 0 -1
101 241 219 39 134 152 36 49 11 5 9 3 1 0 -1
501 337 83 29 42 7 1 0 -1
333 522 66 23 4 7 6 37 1 1 -1
486 282 113 36 58 15 9 1 -1
870 89 29 8 3 1 -1
114 441 375 40 16 5 4 3 1 1 -1
240 701 29 26 2 1 1 0 -1
272 608 55 25 2 6 17 7 6 1 1 0 -1
633 38 9 300 13 6 1 0 -1
53 291 122 353 94 11 55 4 15 1 1 0 -1
428 160 226 31 71 3 77 4 -1
694 173 114 3 3 7 4 2 -1
159 361 242 173 21 11 19 10 3 1 -1
979 17 1 2 1 0 -1
6 512 155 144 133 14 23 5 7 1 -1
340 264 110 223 58 1 2 1 1 0 -1
691 203 63 5 10 27 1 0 -1
580 200 124 14 11 41 25 5 -1
762 26 71 73 22 6 11 22 3 4 -1
184 309 198 201 77 18 3 1 3 3 2 1 -1
161 140 407 39 226 24 2 1 -1
196 400 77 122 172 15 13 2 3 0 -1
836 113 33 11 7 0 -1
855 48 83 2 4 1 7 0 -1
840 25 100 35 -1
347 112 39 478 15 1 3 2 2 1 -1
63 509 157 31 183 8 43 6 -1
791 98 96 8 2 5 -1
65 284 579 9 48 8 7 0 -1
883 24 67 2 23 1 -1
472 358 103 23 25 7 8 3 1 0 -1
509 84 195 144 12 50 2 4 -1
905 32 58 2 1 2 -1
963 20 5 5 5 2 -1
400 360 136 25 36 24 4 15 -1
349 286 237 114 6 6 2 0 -1
991 1 2 5 1 0 -1
372 600 21 7 -1
709 259 23 7 1 1 -1
297 478 211 1 4 9 -1
1 800 143 40 14 2 -1
229 692 49 30 -1
872 107 7 6 7 1 -1
708 191 16 38 28 14 4 1 -1
338 651 8 3 -1
560 338 71 11 18 1 1 0 -1
78 189 711 15 5 2 -1
971 7 13 6 3 0 -1
890 42 47 1 17 3 -1
759 109 34 92 6 0 -1
776 46 79 14 61 11 4 9 -1
693 51 214 40 1 1 -1
214 253 81 153 185 105 2 4 3 0 -1
430 27 232 116 116 40 17 15 4 2 1 0 -1
67 679 72 33 146 3 -1
72 365 305 189 44 8 3 7 3 4 -1
786 173 41 0 -1
186 554 80 106 41 17 9 5 2 0 -1
191 509 49 96 46 83 23 3 -1
568 142 240 3 2 31 3 11 -1
28 700 148 10 73 23 6 3 2 5 1 1 -1
818 72 76 2 4 4 18 6 -1
398 184 306 9 10 54 2 17 16 2 1 1 -1
571 216 66 103 39 3 1 1 -1
459 20 66 413 33 9 -1
466 507 27 0 -1
151 799 40 3 5 1 1 0 -1
671 176 151 1 1 0 -1
134 713 75 22 24 15 12 3 1 1 -1
523 285 35 95 41 15 5 1 -1
312 670 17 1 -1
900 9 11 7 6 29 10 11 13 4 -1
19 14 943 12 10 1 1 0 -1
114 334 8 67 30 182 67 168 4 9 10 2 4 1 -1
305 207 255 139 87 4 3 0 -1
128 327 455 74 4 11 1 0 -1
502 255 9 153 64 5 11 1 -1
207 310 476 4 1 1 1 0 -1
506 171 89 26 84 86 20 2 1 10 4 1 -1
200 581 17 179 2 7 4 7 1 1 1 0 -1
565 118 57 20 221 8 8 2 1 0 -1
200 362 109 166 82 59 10 3 2 2 4 1 -1
212 71 344 66 67 15 50 21 130 20 3 1 -1
107 645 195 18 27 6 2 0 -1
188 404 342 52 9 4 1 0 -1
55 341 494 15 38 12 11 32 1 1 -1
408 394 177 17 1 2 1 0 -1
59 283 246 123 61 46 86 63 18 15 -1
501 245 49 46 42 42 37 33 4 1 -1
90 312 138 127 147 182 2 1 1 0 -1
835 125 19 10 3 8 -1
114 90 278 87 187 169 57 15 2 1 -1
972 9 13 3 3 0 -1
479 205 59 182 70 5 -1
109 230 236 414 9 2 -1
131 69 666 66 1 24 16 24 2 1 -1
322 320 87 35 197 13 4 15 5 2 -1
186 678 63 30 30 2 11 0 -1
984 11 3 2 -1
286 519 88 68 8 15 11 3 2 0 -1
994 3 3 0 -1
50 341 539 32 15 10 9 4 -1
69 275 91 30 140 88 102 188 9 7 1 0 -1
500 480 12 2 1 4 1 0 -1
836 155 1 8 -1
531 440 20 3 5 1 -1
936 52 6 1 2 3 -1
288 229 123 294 60 1 1 2 1 1 -1
337 278 184 28 118 37 11 7 -1
987 9 3 1 -1
359 539 65 30 4 2 1 0 -1
797 33 167 1 2 0 -1
886 85 28 1 -1
973 9 1 16 1 0 -1
527 137 31 208 3 83 7 2 2 0 -1
437 426 67 52 5 12 1 0 -1
824 82 25 3 65 1 -1
768 77 53 10 18 39 33 2 -1
172 664 160 3 1 0 -1
774 24 144 44 5 6 3 0 -1
103 713 140 37 6 1 -1
888 15 42 24 5 13 1 6 5 1 -1
794 30 48 8 28 69 14 5 4 0 -1
408 50 150 50 50 236 37 1 9 4 3 2 -1
165 143 524 109 33 11 1 3 8 2 1 0 -1
687 108 27 97 28 26 11 3 13 0 -1
348 498 111 19 10 11 1 2 -1
357 8 81 433 4 71 34 2 4 2 3 1 -1
776 185 22 17 -1
631 153 201 6 1 6 2 0 -1
536 156 251 40 12 1 2 2 -1
749 5 160 62 21 3 -1
306 307 360 18 6 2 1 0 -1
931 62 6 1 -1
703 122 59 41 66 2 6 1 -1
506 118 77 140 75 18 18 20 21 3 1 1 1 1 -1
32 245 516 38 114 7 39 9 -1
845 34 48 47 16 9 1 0 -1
94 724 176 2 4 0 -1
130 46 487 295 39 1 1 1 -1
790 52 153 5 -1
650 14 240 37 13 6 37 2 1 0 -1
655 160 98 7 2 45 4 11 11 2 1 4 -1
238 447 68 217 12 12 5 1 -1
704 63 115 25 41 8 7 6 7 17 3 3 1 0 -1
66 323 10 564 27 6 1 1 1 1 -1
364 554 45 31 6 0 -1
587 110 235 9 19 40 -1
477 189 176 152 2 2 1 1 -1
188 764 32 13 2 1 -1
638 60 60 48 20 73 6 23 1 45 15 9 2 0 -1
334 539 34 5 40 10 14 1 5 7 5 2 4 0 -1
117 92 699 45 15 2 30 0 -1
957 12 19 11 1 0 -1
262 64 372 131 46 74 24 25 1 1 -1
623 235 106 20 7 9 -1
494 420 63 10 9 3 1 0 -1
856 4 115 9 13 3 -1
739 219 38 4 -1
523 429 28 6 8 1 5 0 -1
924 66 5 3 2 0 -1
397 500 41 60 1 1 -1
690 218 86 2 4 0 -1
826 151 12 1 8 1 1 0 -1
717 198 63 14 6 2 -1
13 629 220 4 70 36 8 16 2 1 1 0 -1
313 516 20 62 15 3 53 9 3 1 3 1 1 0 -1
137 442 248 124 25 17 3 2 1 1 -1
397 262 9 119 124 16 37 32 1 3 -1
505 282 43 18 29 34 14 49 18 1 4 2 1 0 -1
172 750 64 6 7 1 -1
882 88 7 16 5 1 1 0 -1
903 25 62 1 4 2 2 1 -1
790 47 8 28 53 54 10 6 4 0 -1
803 179 7 10 1 0 -1
359 498 7 35 93 8 -1
299 659 22 19 1 0 -1
596 76 184 34 34 35 25 3 9 3 1 0 -1
712 219 24 44 1 0 -1
926 73 1 0 -1
926 17 22 5 14 10 4 2 -1
894 5 23 39 16 3 14 3 3 0 -1
809 147 41 3 -1
913 6 3 35 31 6 4 2 -1
949 6 6 27 7 2 2 1 -1
997 1 1 1 -1
814 92 53 6 10 23 1 1 -1
289 173 506 12 2 8 7 2 1 0 -1
149 662 67 32 11 75 2 2 -1
769 68 40 60 6 41 14 1 1 0 -1
517 123 175 175 10 0 -1
877 91 32 0 -1
696 177 37 59 20 8 3 0 -1
243 593 19 94 19 3 12 3 9 2 3 0 -1
613 73 301 6 6 1 -1
901 94 2 1 1 1 -1
816 130 16 32 4 2 -1
557 137 210 72 5 4 7 3 2 3 -1
48 773 157 22 -1
641 158 146 30 21 3 1 0 -1
917 59 3 6 3 6 5 1 -1
438 334 113 112 3 0 -1
139 231 285 222 25 48 37 4 6 2 1 0 -1
378 166 317 113 19 7 -1
514 180 280 17 6 3 -1
283 705 12 0 -1
818 182 -1
484 165 132 87 114 16 2 0 -1
81 761 129 6 11 3 2 1 5 1 -1
237 637 9 50 16 42 7 1 1 0 -1
737 80 182 1 -1
395 582 6 9 8 0 -1
766 184 27 9 2 9 2 1 -1
637 225 60 44 15 18 1 0 -1
806 170 2 11 3 2 4 1 1 0 -1
636 344 16 1 1 2 -1
750 38 82 85 13 15 14 2 1 0 -1
619 313 28 11 27 2 -1
844 68 82 3 3 0 -1
563 285 72 46 21 7 3 2 1 0 -1
416 547 5 22 2 5 2 1 -1
930 17 35 1 2 15 -1
343 3 83 194 337 29 6 4 1 0 -1
449 71 42 22 52 293 13 40 14 1 3 0 -1
797 133 39 18 5 5 2 1 -1
876 102 5 8 6 2 1 0 -1
640 357 1 2 -1
891 10 56 12 27 3 1 0 -1
247 255 139 196 148 13 2 0 -1
715 235 27 11 12 0 -1
643 38 294 24 1 0 -1
796 167 30 4 1 2 -1
565 72 89 41 42 55 125 7 4 0 -1
124 271 407 94 31 54 13 2 3 1 -1
128 786 72 12 1 1 -1
590 120 258 26 3 2 1 0 -1
401 398 12 174 2 9 3 1 -1
196 192 105 255 247 1 2 2 -1
390 167 305 129 9 0 -1
275 316 305 12 68 19 5 0 -1
385 19 226 330 38 1 1 0 -1
552 305 136 6 1 0 -1
572 313 95 13 1 4 2 0 -1
68 852 15 21 1 43 -1
167 394 323 4 39 1 49 6 2 6 5 3 1 0 -1
139 38 634 133 29 9 10 4 1 1 1 1 -1
552 241 48 117 18 24 -1
478 166 288 23 37 7 1 0 -1
597 297 30 50 2 2 11 5 1 4 1 0 -1
369 34 208 319 45 18 3 4 -1
291 683 2 20 1 1 2 0 -1
774 81 132 1 7 5 -1
463 232 201 17 4 50 15 8 6 3 1 0 -1
49 904 11 25 2 6 2 1 -1
470 37 191 187 68 44 2 1 -1
86 277 539 82 16 0 -1
645 31 124 163 1 6 7 11 5 1 3 1 1 1 -1
888 105 2 4 1 0 -1
229 526 111 99 23 6 6 0 -1
16 93 721 137 23 4 1 2 1 2 -1
509 124 349 16 2 0 -1
906 8 20 51 8 1 2 2 2 0 -1
453 347 78 68 5 19 22 3 5 0 -1
892 9 10 77 4 2 2 2 1 1 -1
298 667 21 4 1 7 1 1 -1
448 76 226 183 42 12 6 1 6 0 -1
30 206 70 516 133 31 12 1 1 0 -1
531 36 311 54 34 23 1 5 2 1 1 1 -1
848 114 21 11 2 2 1 1 -1
126 255 581 24 5 2 6 1 -1
913 44 10 33 -1
323 630 13 1 3 13 9 3 1 1 3 0 -1
120 245 452 9 125 2 28 15 4 0 -1
408 258 126 129 15 26 16 15 6 1 -1
983 4 7 2 2 2 -1
938 5 25 31 1 0 -1
202 660 26 48 25 20 4 4 11 0 -1
205 625 63 26 54 23 1 2 1 0 -1
523 67 358 17 30 5 -1
977 12 5 4 1 1 -1
718 81 150 18 32 1 -1
908 18 21 25 20 5 2 1 -1
414 205 187 191 3 0 -1
397 365 114 95 16 13 -1
698 183 70 37 5 4 3 0 -1
636 8 201 107 17 21 8 1 1 0 -1
406 161 122 172 40 89 2 7 1 0 -1
170 233 297 47 42 71 53 4 63 15 1 4 -1
390 350 138 23 50 30 11 3 4 1 -1
856 115 25 3 1 0 -1
67 125 317 245 37 188 5 12 4 0 -1
527 258 18 154 5 23 5 8 2 0 -1
594 27 289 45 25 16 1 1 2 0 -1
486 65 7 66 320 6 5 40 2 3 -1
752 84 20 27 72 25 1 3 12 4 -1
945 35 8 9 3 0 -1
713 50 195 28 13 1 -1
419 538 5 37 1 0 -1
28 538 60 342 6 15 11 0 -1
376 93 240 206 65 2 1 9 3 5 -1
960 21 16 3 -1
268 449 254 13 13 1 1 1 -1
329 654 2 11 3 1 -1
675 173 71 37 23 17 2 2 -1
958 7 23 9 1 1 1 0 -1
12 20 568 220 32 25 24 62 7 8 7 9 2 4 -1
955 16 14 9 2 1 1 1 1 0 -1
289 48 510 151 2 0 -1
466 509 21 2 2 0 -1
838 11 145 1 4 1 -1
213 705 5 28 34 9 4 1 1 0 -1
913 49 20 8 3 1 6 0 -1
849 71 47 32 1 0 -1
979 4 12 5 -1
887 57 6 49 1 0 -1
477 143 151 44 146 35 4 0 -1
227 757 16 0 -1
992 3 1 1 3 0 -1
570 229 84 51 48 18 -1
917 31 19 24 9 0 -1
222 101 321 245 103 3 4 1 -1
151 436 223 190 -1
770 159 34 27 7 2 1 0 -1
497 167 218 40 17 36 22 1 2 0 -1
407 413 29 75 41 15 4 10 6 0 -1
541 33 136 157 42 56 35 0 -1
586 122 253 26 1 3 8 1 -1
652 145 15 80 37 70 1 0 -1
952 9 2 30 7 0 -1
707 46 83 73 42 44 2 2 1 0 -1
579 319 78 7 2 5 7 2 1 0 -1
374 59 252 25 258 2 30 0 -1
167 280 254 4 168 7 93 23 4 0 -1
854 29 18 55 3 11 21 1 5 1 2 0 -1
151 791 7 17 10 5 6 10 3 0 -1
936 22 36 1 1 1 3 0 -1
984 15 1 0 -1
897 42 50 7 3 1 -1
242 122 623 4 6 3 -1
637 334 21 3 2 3 -1
267 500 162 31 27 13 -1
631 148 146 39 17 9 1 7 1 1 -1
237 737 4 22 -1
215 24 271 414 10 48 11 3 3 1 -1
575 246 17 126 10 10 15 1 -1
832 28 111 17 2 5 1 1 3 0 -1
895 7 78 6 7 1 4 1 1 0 -1
358 298 63 136 80 15 25 18 1 3 1 2 -1
731 116 101 7 44 1 -1
99 100 65 557 150 19 5 1 4 0 -1
754 112 41 19 8 38 1 5 22 0 -1
536 161 241 17 15 3 19 6 1 1 -1
3 97 537 44 285 21 7 5 1 0 -1
71 595 187 6 141 0 -1
122 105 428 265 71 7 2 0 -1
971 5 1 3 19 1 -1
131 316 134 272 83 45 13 3 1 1 1 0 -1
477 292 189 26 10 5 1 0 -1
474 217 308 1 -1
879 56 4 48 12 1 -1
400 463 30 49 38 1 11 6 2 0 -1
472 55 66 124 20 154 68 30 9 2 -1
282 641 51 3 17 2 2 1 1 0 -1
664 317 7 5 2 3 1 1 -1
174 227 153 427 6 7 5 1 -1
77 34 831 31 6 21 -1
638 158 202 2 -1
506 61 48 240 13 121 7 4 -1
236 660 62 10 7 21 2 2 -1
234 527 13 104 27 60 35 0 -1
112 537 342 5 3 1 -1
381 385 7 47 17 40 100 17 5 1 -1
142 124 581 16 11 98 13 11 3 1 -1
220 649 109 14 4 3 1 0 -1
357 433 122 82 2 2 1 1 -1
224 297 231 183 32 33 -1
377 41 265 145 34 26 86 21 5 0 -1
595 27 60 244 60 5 3 6 -1
620 293 24 20 10 18 1 13 1 0 -1
402 370 10 88 11 9 10 92 3 2 2 1 -1
154 58 39 60 253 39 382 10 1 1 2 1 -1
75 790 15 105 1 3 11 0 -1
345 125 428 12 19 41 9 21 -1
248 95 558 57 23 8 7 4 -1
168 337 13 404 30 28 9 10 1 0 -1
155 6 167 480 53 51 23 15 41 8 1 0 -1
467 71 238 42 68 74 23 16 1 0 -1
900 50 9 17 24 0 -1
898 8 43 10 6 15 6 3 1 9 1 0 -1
54 286 93 363 187 16 1 0 -1
541 51 257 15 132 2 1 1 -1
704 255 29 1 10 1 -1
336 224 395 22 1 7 10 4 1 0 -1
175 528 183 106 5 1 2 0 -1
94 324 219 121 2 231 9 0 -1
2 614 256 37 8 20 30 33 -1
139 699 131 24 6 1 -1
374 227 22 49 78 46 13 57 35 79 7 12 1 0 -1
874 112 6 6 1 1 -1
293 221 362 116 3 1 1 2 1 0 -1
884 8 60 37 2 2 4 3 -1
821 3 80 22 2 24 47 1 -1
50 646 185 30 77 8 4 0 -1
19 416 80 280 141 25 1 10 1 6 19 2 -1
64 491 253 126 39 12 13 2 -1
753 69 7 60 16 14 68 4 3 5 1 0 -1
82 685 53 71 79 26 2 1 1 0 -1
381 97 152 109 79 160 12 2 2 5 1 0 -1
272 213 299 12 35 29 43 64 29 2 1 1 -1
691 219 59 27 3 1 -1
486 466 28 8 4 5 3 0 -1
650 156 187 4 3 0 -1
950 17 5 27 1 0 -1
1 96 632 85 41 89 30 2 4 11 2 5 2 0 -1
998 1 1 0 -1
912 54 30 1 2 1 -1
929 50 4 11 3 3 -1
57 161 155 258 42 39 176 96 14 1 1 0 -1
577 123 115 17 97 27 29 15 -1
474 304 144 10 25 37 3 2 1 0 -1
87 675 72 21 112 13 17 2 1 0 -1
153 847 -1
281 160 462 66 16 4 4 5 1 1 -1
57 678 26 32 64 126 3 10 1 2 1 0 -1
275 584 139 1 1 0 -1
26 336 69 465 54 34 5 10 1 0 -1
442 320 108 26 67 12 6 15 2 2 -1
220 129 214 5 365 55 3 3 5 1 -1
830 140 13 15 2 0 -1
26 137 442 242 8 95 25 1 19 1 3 1 -1
864 52 25 44 9 2 2 2 -1
444 88 67 392 2 5 1 1 -1
375 105 305 65 35 74 13 11 6 5 5 1 -1
972 5 22 1 -1
457 51 274 112 38 61 1 2 1 1 1 1 -1
504 279 41 125 13 19 14 4 1 0 -1
338 587 3 18 44 8 2 0 -1
844 129 25 1 1 0 -1
680 210 12 95 1 1 1 0 -1
436 222 108 206 5 1 6 8 8 0 -1
706 279 11 3 1 0 -1
975 6 14 1 3 1 -1
575 116 201 10 82 12 4 0 -1
235 450 257 26 7 5 3 3 7 3 2 1 1 0 -1
221 766 7 5 1 0 -1
387 6 277 308 4 18 -1
733 204 35 26 2 0 -1
854 75 1 67 1 1 1 0 -1
690 288 16 1 1 1 1 2 -1
907 19 6 63 5 0 -1
773 33 190 1 3 0 -1
897 26 30 12 27 7 1 0 -1
702 5 172 6 104 11 -1
687 279 10 14 10 0 -1
717 3 235 11 7 9 2 13 3 0 -1
164 24 145 14 292 65 67 198 7 22 1 1 -1
716 176 31 54 13 10 -1
307 97 427 158 3 3 3 1 1 0 -1
641 337 13 4 4 1 -1
831 144 2 6 1 4 3 4 3 1 1 0 -1
771 88 33 2 64 17 20 3 2 0 -1
384 613 1 2 -1
886 58 39 5 5 3 1 3 -1
63 605 160 69 72 12 4 13 2 0 -1
112 166 628 58 2 33 1 0 -1
708 63 152 55 8 9 4 1 -1
33 636 300 15 3 5 7 1 -1
129 520 64 253 13 16 4 1 -1
320 452 54 96 55 16 4 3 -1
298 315 46 51 151 79 15 10 26 6 2 1 -1
868 132 -1
76 93 323 318 184 4 2 0 -1
258 299 188 129 24 93 4 3 1 1 -1
375 236 230 145 12 1 1 0 -1
819 4 54 117 3 1 2 0 -1
855 39 39 63 4 0 -1
485 246 82 175 1 11 -1
170 42 196 305 3 261 18 5 -1
395 111 37 160 126 92 57 22 -1
893 62 34 5 6 0 -1
874 21 34 7 53 9 1 1 -1
439 519 35 5 1 1 -1
268 659 30 7 25 1 7 3 -1
905 80 14 1 -1
912 42 9 37 -1
970 26 2 1 1 0 -1
415 378 73 125 6 3 -1
142 800 28 6 24 0 -1
289 655 5 30 10 10 1 0 -1
377 209 312 86 7 6 2 1 -1
291 373 188 99 21 15 1 2 7 3 -1
744 170 21 53 3 6 1 2 -1
713 200 15 46 25 1 -1
35 865 51 12 14 8 6 9 -1
521 377 53 12 16 8 1 3 1 1 4 3 -1
539 126 149 153 8 7 16 2 -1
597 225 154 2 13 5 2 1 1 0 -1
817 169 11 3 -1
118 348 531 2 1 0 -1
792 177 11 15 1 2 1 1 -1
209 784 4 3 -1
633 8 278 66 11 4 -1
44 843 55 31 17 8 2 0 -1
559 387 25 13 15 1 -1
840 1 94 53 8 4 -1
4 460 204 28 280 5 19 0 -1
521 198 185 39 33 17 2 4 1 0 -1
280 194 25 199 104 192 5 1 -1
959 35 5 1 -1
53 245 346 290 46 17 1 2 -1
524 210 166 26 18 52 1 3 -1
359 448 151 13 24 5 -1
471 275 212 41 1 0 -1
743 43 81 54 66 5 7 1 -1
806 47 94 23 10 3 13 1 3 0 -1
934 64 2 0 -1
370 396 99 89 8 4 34 0 -1
691 252 9 1 7 36 3 1 -1
140 609 237 14 -1
921 35 33 4 4 2 1 0 -1
263 728 7 2 -1
487 278 84 117 7 14 1 7 4 1 -1
870 65 42 2 15 1 4 1 -1
263 162 128 185 93 124 28 3 13 1 -1
66 37 127 482 92 50 74 10 2 4 28 12 8 2 3 2 1 0 -1
233 680 81 2 1 3 -1
738 99 6 77 77 2 1 0 -1
216 50 496 147 91 0 -1
328 250 226 142 31 4 8 3 6 1 1 0 -1
619 372 9 0 -1
222 578 174 18 3 1 3 1 -1
356 101 428 60 35 3 3 13 1 0 -1
59 814 105 22 -1
307 590 34 15 52 1 1 0 -1
941 28 20 7 3 1 -1
420 44 47 194 203 61 28 1 1 1 -1
306 675 6 5 4 1 1 2 -1
686 118 68 9 3 23 84 9 -1
745 30 18 18 137 36 7 1 5 3 -1
986 4 5 1 4 0 -1
921 22 16 25 3 12 1 0 -1
742 177 34 12 24 9 2 0 -1
275 574 146 5 -1
776 217 5 1 1 0 -1
239 94 28 294 263 58 18 3 3 0 -1
49 734 107 63 29 14 4 0 -1
698 99 158 19 16 2 2 1 2 2 1 0 -1
434 299 41 65 74 35 48 3 1 0 -1
450 444 54 25 10 13 3 1 -1
384 610 2 3 1 0 -1
188 117 8 351 268 23 39 6 -1
294 636 2 5 6 27 28 1 1 0 -1
820 83 86 1 7 1 2 0 -1
623 55 47 244 16 9 2 3 1 0 -1
90 49 804 45 3 6 3 0 -1
395 163 273 38 72 44 2 11 2 0 -1
977 21 1 1 -1
678 229 24 33 35 1 -1
903 18 53 1 12 3 6 4 -1
899 87 4 8 2 0 -1
531 103 216 118 1 5 26 0 -1
478 478 33 11 -1
752 81 51 32 56 12 10 3 2 1 -1
347 277 61 135 33 141 1 2 1 1 1 0 -1
267 733 -1
3 403 325 56 200 13 -1
281 379 293 2 11 29 2 2 1 0 -1
907 71 17 3 2 0 -1
180 583 38 122 42 26 3 6 -1
130 620 134 36 42 8 17 11 2 0 -1
640 312 12 25 9 1 1 0 -1
718 228 44 4 6 0 -1
852 28 14 32 22 9 26 10 6 1 -1
165 371 286 3 23 142 6 4 -1
562 363 6 39 26 1 3 0 -1
849 2 12 65 42 5 16 2 3 4 -1
246 192 130 18 117 237 60 0 -1
931 25 25 4 15 0 -1
990 1 9 0 -1
578 268 109 44 1 0 -1
408 305 249 2 30 4 2 0 -1
933 51 2 4 1 3 3 2 1 0 -1
825 120 24 24 6 1 -1
646 155 37 91 41 4 13 11 2 0 -1
909 55 14 20 2 0 -1
975 5 12 6 2 0 -1
488 28 1 250 54 9 157 1 12 0 -1
436 485 37 27 11 3 1 0 -1
313 661 10 13 3 0 -1
276 577 124 23 -1
973 15 5 5 1 1 -1
988 8 4 0 -1
716 158 91 22 10 2 1 0 -1
548 42 410 0 -1
637 5 37 244 14 23 34 2 1 2 1 0 -1
185 87 422 41 221 7 1 17 1 5 4 8 1 0 -1
457 441 9 62 1 28 1 1 -1
83 321 589 2 3 1 1 0 -1
329 235 268 37 77 16 3 9 11 9 2 2 1 1 -1
895 35 61 3 5 1 -1
563 288 66 75 5 3 -1
382 92 518 7 1 0 -1
885 80 4 7 19 1 2 1 1 0 -1
216 281 199 282 6 7 3 4 1 1 -1
704 87 125 59 8 1 4 5 6 1 -1
675 227 40 26 2 20 6 2 2 0 -1
176 787 18 15 2 1 1 0 -1
545 175 58 142 79 1 -1
36 837 104 4 12 7 -1
611 74 251 2 27 18 9 7 1 0 -1
62 868 45 4 8 4 5 2 2 0 -1
391 492 51 51 2 10 3 0 -1
252 292 176 67 29 179 1 2 1 1 -1
611 27 114 159 1 23 15 18 11 20 1 0 -1
475 285 59 52 25 47 9 19 13 12 3 1 -1
34 888 37 19 17 5 -1
479 458 24 29 2 7 1 0 -1
611 191 159 2 32 3 2 0 -1
1 566 404 6 4 4 15 0 -1
177 280 432 28 63 16 2 1 1 0 -1
656 6 299 28 11 0 -1
874 90 32 2 1 1 -1
856 134 2 1 1 2 3 1 -1
580 138 157 95 10 3 9 1 2 5 -1
587 23 50 323 14 1 2 0 -1
446 51 85 77 58 199 78 6 -1
989 11 -1
949 33 17 1 -1
318 607 26 24 19 6 -1
451 481 64 2 1 1 -1
408 445 120 16 1 9 1 0 -1
107 706 151 30 1 2 2 1 -1
304 171 217 78 169 55 6 0 -1
57 907 6 5 22 3 -1
410 3 439 34 63 34 14 2 1 0 -1
940 4 24 15 14 2 1 0 -1
887 84 1 16 9 3 -1
916 74 2 8 -1
90 223 538 139 4 4 2 0 -1
937 29 18 13 1 1 1 0 -1
360 512 41 51 12 9 10 2 3 0 -1
922 67 3 4 4 0 -1
911 18 36 4 15 16 -1
760 77 94 46 8 15 -1
735 78 56 2 67 47 10 2 3 0 -1
315 467 151 27 22 2 13 1 2 0 -1
813 15 101 66 2 1 2 0 -1
128 761 13 6 49 40 1 2 -1
24 445 487 5 13 13 10 2 1 0 -1
929 15 19 33 3 1 -1
25 63 343 358 168 40 2 1 -1
196 735 25 19 16 2 3 4 -1
910 70 18 1 1 0 -1
941 53 6 0 -1
300 453 192 7 25 3 15 1 2 1 1 0 -1
108 689 167 12 19 3 1 1 -1
244 611 42 61 9 11 22 0 -1
361 554 45 18 16 6 -1
241 544 157 35 1 12 10 0 -1
508 266 77 59 14 15 24 2 30 4 1 0 -1
393 200 168 115 2 5 4 56 49 8 -1
852 54 54 7 22 7 3 1 -1
757 169 61 9 3 1 -1
980 4 6 7 1 1 1 0 -1
332 61 549 54 1 3 -1
941 10 20 9 1 8 3 6 1 1 -1
107 454 196 215 23 5 -1
5 455 336 28 80 70 25 1 -1
793 6 195 3 3 0 -1
118 615 131 6 27 80 11 7 1 3 1 0 -1
691 115 86 45 54 4 2 1 1 1 -1
749 198 15 35 1 2 -1
855 139 1 3 1 1 -1
998 1 1 0 -1
800 31 125 7 19 8 3 5 2 0 -1
986 14 -1
853 75 63 6 2 1 -1
453 278 81 117 56 13 1 1 -1
55 586 332 1 4 19 3 0 -1
54 625 277 36 1 7 -1
843 114 20 23 -1
764 85 25 114 1 9 1 1 -1
281 119 418 80 25 27 16 32 1 1 -1
299 467 4 42 26 130 2 5 17 3 5 0 -1
475 441 32 35 3 14 -1
958 4 27 5 2 2 1 1 -1
999 1 -1
291 659 39 6 3 2 -1
839 48 17 93 2 1 -1
552 265 19 102 50 7 3 2 -1
748 32 213 6 1 0 -1
327 401 156 108 3 4 1 0 -1
954 23 23 0 -1
54 641 227 26 5 6 25 16 -1
175 109 35 323 127 104 45 14 30 11 4 17 2 4 -1
387 546 66 1 -1
287 301 297 12 15 55 12 8 6 7 -1
145 803 25 12 11 4 -1
629 169 95 36 64 3 2 2 -1
2 116 586 34 216 33 11 1 1 0 -1
698 54 167 52 6 3 1 6 4 3 2 3 1 0 -1
427 531 6 32 3 1 -1
118 31 722 46 39 15 25 2 1 1 -1
81 539 236 120 23 1 -1
195 718 50 8 9 10 4 3 1 1 1 0 -1
817 11 45 123 3 1 -1
659 302 13 24 2 0 -1
110 577 252 43 11 2 3 1 1 0 -1
547 390 5 41 9 3 3 1 1 0 -1
829 4 148 7 8 3 1 0 -1
889 51 27 31 2 0 -1
205 532 246 6 11 0 -1
705 219 60 1 8 4 3 0 -1
843 42 65 30 20 0 -1
357 103 52 160 80 181 66 1 -1
672 179 17 17 9 101 2 1 1 1 -1
398 558 34 1 1 3 4 1 -1
404 49 202 135 38 60 9 53 8 17 4 7 6 1 5 1 1 0 -1
902 69 10 3 2 7 4 1 1 1 -1
311 406 262 7 3 10 1 0 -1
758 185 36 6 11 4 -1
889 101 7 2 1 0 -1
542 321 108 13 2 14 -1
503 202 203 9 28 11 16 10 11 4 2 1 -1
142 106 164 420 130 20 15 3 -1
693 35 180 3 50 23 15 1 -1
672 207 10 48 51 11 1 0 -1
832 126 7 6 12 15 1 1 -1
530 272 167 18 4 2 2 1 4 0 -1
494 201 169 20 16 47 52 1 -1
126 330 106 328 10 20 58 11 9 2 -1
179 2 339 342 50 24 51 7 3 1 1 1 -1
489 151 289 60 4 2 1 4 -1
815 2 176 4 1 2 -1
195 794 8 3 -1
370 213 134 62 138 12 70 1 -1
154 505 262 61 2 2 7 7 -1
864 5 35 94 2 0 -1
712 40 117 13 34 27 1 24 9 4 10 6 3 0 -1
991 8 1 0 -1
450 229 9 215 96 1 -1
420 165 138 55 23 17 43 113 19 1 1 5 -1
592 105 1 37 82 146 35 2 -1
408 425 131 21 2 7 5 1 -1
984 2 5 1 3 3 1 1 -1
962 31 4 1 2 0 -1
129 167 167 134 40 342 12 4 3 1 1 0 -1
27 275 287 62 16 150 33 140 3 3 4 0 -1
839 155 1 5 -1
983 13 1 2 1 0 -1
114 411 355 103 7 7 1 1 1 0 -1
650 319 4 16 11 0 -1
685 66 143 17 21 30 6 29 3 0 -1
654 214 102 26 3 1 -1
490 32 185 94 186 6 3 2 2 0 -1
428 122 93 26 261 70 -1
391 495 41 5 49 4 8 7 -1
130 862 6 2 -1
806 64 65 61 1 2 1 0 -1
220 223 49 492 13 2 1 0 -1
118 848 8 19 1 2 2 2 -1
505 377 32 49 37 0 -1
976 12 5 2 4 1 -1
117 112 197 328 4 66 133 6 28 5 1 3 -1
364 595 5 14 6 4 1 5 1 1 1 3 -1
282 191 509 5 4 4 3 1 1 0 -1
516 211 68 9 53 90 38 2 12 1 -1
792 140 38 18 8 4 -1
758 108 58 46 16 2 12 0 -1
544 71 98 247 15 8 3 1 12 1 -1
764 106 76 44 7 2 1 0 -1
939 48 10 1 1 1 -1
143 145 40 160 415 57 6 28 4 2 -1
862 117 2 1 4 14 -1
938 16 3 3 36 2 2 0 -1
195 207 535 58 1 4 -1
755 49 125 21 18 32 -1
237 251 358 66 65 11 12 0 -1
323 381 236 29 11 16 2 2 -1
375 373 20 183 4 30 7 8 -1
884 74 27 3 9 1 1 1 -1
731 250 15 4 -1
324 235 131 254 10 16 19 5 2 3 1 0 -1
989 4 1 5 1 0 -1
101 754 72 58 11 4 -1
345 125 45 100 93 66 62 134 20 5 2 3 -1
448 515 21 15 1 0 -1
367 303 88 185 36 10 9 1 1 0 -1
672 31 73 125 97 2 -1
859 17 24 52 3 2 3 18 4 16 1 1 -1
246 507 212 15 14 4 2 0 -1
298 84 392 154 66 3 3 0 -1
71 328 156 414 19 12 -1
473 394 15 75 29 13 1 0 -1
939 38 17 6 -1
129 525 97 102 124 14 6 3 -1
467 149 192 190 1 1 -1
199 292 275 12 67 105 3 3 12 28 1 3 -1
387 347 11 169 42 39 5 0 -1
726 66 102 90 5 6 2 3 -1
115 199 169 198 161 66 67 21 2 1 1 0 -1
943 9 39 6 1 2 -1
719 125 72 52 12 14 5 1 -1
7 243 338 100 138 137 24 11 1 1 -1
426 540 19 6 3 5 1 0 -1
655 110 174 35 19 3 4 0 -1
522 332 82 42 12 2 2 5 1 0 -1
847 151 2 0 -1
91 13 52 763 4 46 28 1 1 1 -1
120 455 232 107 26 1 46 10 2 1 -1
496 10 57 351 52 27 4 2 1 0 -1
443 509 22 17 5 3 1 0 -1
274 536 159 28 3 0 -1
823 71 16 42 24 5 16 3 -1
636 12 75 23 170 72 11 1 -1
688 55 115 94 24 19 1 1 3 0 -1
88 229 554 94 19 8 1 2 4 1 -1
858 120 13 1 1 2 4 1 -1
593 318 19 32 26 4 4 2 2 0 -1
881 24 36 22 15 17 5 0 -1
340 255 319 1 70 13 1 1 -1
905 74 6 2 7 4 1 1 -1
332 569 76 23 -1
173 811 11 4 1 0 -1
613 72 98 59 124 17 14 3 -1
817 142 34 2 2 3 -1
183 250 500 15 28 2 8 1 12 1 -1
473 112 64 282 44 12 4 5 4 0 -1
789 20 4 111 36 8 9 16 2 1 4 0 -1
834 98 60 4 2 1 1 0 -1
286 687 9 17 1 0 -1
943 28 14 10 3 1 1 0 -1
523 351 4 80 38 2 2 0 -1
969 29 2 0 -1
892 9 15 66 8 2 7 1 -1
922 16 35 5 16 1 1 3 1 0 -1
214 354 423 7 2 0 -1
876 86 19 16 2 1 -1
525 353 115 3 4 0 -1
31 360 433 142 28 1 2 3 -1
362 210 345 22 41 4 16 0 -1
196 152 189 228 141 50 38 3 3 0 -1
121 367 292 88 91 34 4 1 2 0 -1
904 53 27 15 1 0 -1
142 434 79 257 27 7 8 44 1 1 -1
855 34 36 8 51 4 3 1 6 1 1 0 -1
857 23 99 14 1 1 3 2 -1
540 172 69 131 45 32 11 0 -1
134 162 328 42 160 121 46 3 2 2 -1
45 841 74 39 1 0 -1
21 895 11 21 32 17 3 0 -1
318 228 139 307 6 2 -1
375 2 580 7 28 6 2 0 -1
48 735 144 30 39 3 1 0 -1
138 319 488 35 12 7 1 0 -1
709 116 15 45 3 99 9 3 1 0 -1
983 7 1 1 7 1 -1
805 176 6 13 -1
816 70 76 24 1 3 9 1 -1
212 682 86 6 14 0 -1
804 67 107 22 -1
917 69 5 1 2 1 2 1 1 1 -1
619 245 49 54 1 23 4 5 -1
958 42 -1
747 121 82 22 25 3 -1
771 140 64 15 5 1 1 2 1 0 -1
462 141 239 114 43 1 -1
876 31 71 17 5 0 -1
741 172 76 11 -1
310 689 1 0 -1
319 182 362 3 129 5 -1
590 172 163 1 61 9 2 2 -1
37 166 334 103 33 317 8 1 1 0 -1
788 78 74 22 21 1 6 9 1 0 -1
436 487 23 35 16 1 1 1 -1
918 19 11 16 1 23 1 5 2 4 -1
709 230 38 5 17 1 -1
163 64 610 32 43 19 3 62 2 2 -1
441 385 114 17 19 23 1 0 -1
505 386 30 46 17 11 2 1 1 1 -1
583 239 40 98 19 1 8 7 1 3 1 0 -1
1000 0 -1
452 218 237 85 4 2 1 1 -1
975 16 1 6 2 0 -1
242 483 274 1 -1
524 251 20 162 6 1 15 12 7 1 1 0 -1
849 110 38 1 1 1 -1
408 24 223 288 41 2 12 1 1 0 -1
298 38 4 565 81 5 7 1 1 0 -1
411 544 25 20 -1
304 316 117 185 39 5 28 6 -1
420 231 297 12 20 20 -1
637 158 43 143 10 1 5 2 1 0 -1
77 715 102 6 42 44 14 0 -1
118 194 372 186 22 64 39 1 3 1 -1
265 654 60 8 3 4 5 1 -1
813 176 5 6 -1
303 274 345 33 23 18 1 2 1 0 -1
865 113 20 2 -1
130 121 392 287 41 4 25 0 -1
348 462 29 67 76 12 5 1 -1
378 282 40 77 125 17 7 23 33 2 16 0 -1
337 573 28 9 9 26 12 2 4 0 -1
568 398 20 9 5 0 -1
159 685 147 6 3 0 -1
69 919 12 0 -1
878 48 3 63 3 4 1 0 -1
681 14 249 24 21 3 7 1 -1
970 24 3 3 -1
20 413 187 113 2 168 1 74 7 10 5 0 -1
883 16 45 45 11 0 -1
472 90 144 26 192 36 29 4 5 1 1 0 -1
35 849 48 26 5 3 23 10 1 0 -1
484 382 93 38 3 0 -1
838 127 34 1 -1
803 101 1 49 36 10 -1
384 122 478 1 7 1 2 3 1 1 -1
250 634 3 64 27 16 6 0 -1
672 135 102 64 19 4 4 0 -1
272 557 13 119 31 4 2 1 1 0 -1
433 368 15 64 38 4 32 19 1 5 10 5 1 2 2 1 -1
284 504 52 126 22 1 2 7 1 1 -1
311 329 184 155 19 2 -1
668 317 7 1 3 2 2 0 -1
750 180 67 3 -1
724 234 17 15 10 0 -1
504 251 172 35 33 5 -1
725 172 60 28 9 4 2 0 -1
644 289 9 52 2 2 1 1 -1
4 601 326 20 41 6 1 1 -1
357 196 345 1 18 46 25 9 1 1 1 0 -1
759 32 118 57 33 1 -1
231 638 1 110 4 16 -1
756 2 58 172 5 1 4 2 -1
393 370 188 48 1 0 -1
294 644 11 46 4 1 -1
20 16 287 382 272 12 8 3 -1
782 128 64 3 2 9 5 2 2 1 2 0 -1
152 459 297 74 6 3 9 0 -1
476 134 76 246 45 10 9 3 1 0 -1
28 722 187 19 12 18 10 3 1 0 -1
160 770 18 40 4 7 1 0 -1
962 29 8 1 -1
34 47 570 318 4 2 16 4 1 1 2 1 -1
206 690 2 31 6 46 14 4 1 0 -1
724 239 12 15 8 2 -1
399 343 217 3 33 3 2 0 -1
119 241 448 73 63 1 7 33 9 1 1 4 -1
363 354 264 18 1 0 -1
716 187 56 35 4 1 1 0 -1
401 518 33 13 33 2 -1
842 14 124 19 1 0 -1
530 262 59 53 4 84 5 3 -1
987 2 4 1 1 2 1 1 1 0 -1
328 337 5 156 50 73 20 4 16 7 4 0 -1
289 352 63 88 190 9 5 2 1 1 -1
777 178 17 6 3 11 7 1 -1
326 270 239 24 49 13 61 12 4 2 -1
850 131 11 5 3 0 -1
749 63 136 3 25 19 5 0 -1
121 641 113 12 106 3 2 2 -1
588 339 42 5 16 9 1 0 -1
821 153 6 7 11 1 1 0 -1
985 2 8 1 3 1 -1
305 229 446 3 4 11 2 0 -1
836 139 22 1 2 0 -1
894 88 5 13 -1
737 106 24 41 51 20 15 6 -1
4 843 22 46 59 22 2 1 1 0 -1
515 98 335 25 21 3 2 1 -1
903 40 9 26 9 10 3 0 -1
460 136 153 226 7 15 2 1 -1
180 54 477 89 185 7 3 3 1 1 -1
15 275 382 300 28 0 -1
403 104 448 12 6 13 12 1 1 0 -1
254 702 4 25 6 3 3 1 2 0 -1
84 794 81 6 6 5 11 11 1 1 -1
551 321 116 3 3 1 2 3 -1
13 865 13 90 9 6 2 2 -1
604 180 39 65 54 18 28 11 1 0 -1
561 58 85 104 86 91 4 10 1 0 -1
540 436 18 1 5 0 -1
420 130 164 20 211 20 28 2 1 2 2 0 -1
119 555 107 144 9 38 19 5 4 0 -1
896 94 4 5 1 0 -1
672 323 5 0 -1
687 37 122 151 3 0 -1
878 53 33 34 2 0 -1
