100 1000
188 733 64 1 5 2 5 2 -1
810 96 61 8 22 1 2 0 -1
259 580 10 24 100 24 1 2 -1
389 268 272 21 39 3 1 6 1 0 -1
58 438 241 206 54 1 1 1 -1
778 116 36 36 7 26 1 0 -1
832 6 45 74 9 3 18 11 2 0 -1
890 68 32 5 5 0 -1
615 8 184 6 172 4 7 2 1 1 -1
778 49 126 27 11 8 1 0 -1
846 14 11 50 67 4 8 0 -1
862 68 34 21 1 4 6 2 1 1 -1
281 190 102 361 48 5 11 2 -1
169 147 482 31 150 13 1 7 -1
232 359 111 200 13 67 13 2 2 1 -1
520 233 184 8 2 13 35 4 1 0 -1
403 67 75 203 120 77 37 18 -1
748 71 34 135 8 4 -1
710 117 66 6 52 28 15 4 2 0 -1
80 371 296 181 52 17 3 0 -1
866 77 30 2 17 7 1 0 -1
737 77 86 93 5 2 -1
552 120 235 31 50 12 -1
977 1 19 1 1 1 -1
901 49 24 9 8 7 1 1 -1
305 610 53 32 -1
719 122 103 28 6 10 1 5 3 1 2 0 -1
205 312 183 147 1 98 11 18 1 13 9 2 -1
208 65 196 158 271 49 4 13 25 4 6 1 -1
807 7 35 113 10 16 1 5 4 1 1 0 -1
135 59 358 107 311 28 2 0 -1
633 113 93 41 110 6 2 2 -1
718 109 104 16 53 0 -1
916 6 67 11 -1
789 126 18 42 23 1 1 0 -1
595 169 26 153 5 6 41 2 2 1 -1
525 427 41 1 5 1 -1
295 335 199 126 19 24 2 0 -1
987 13 -1
126 735 56 64 14 2 2 1 -1
81 460 213 11 94 137 4 0 -1
333 76 91 454 31 11 3 1 -1
736 59 116 20 49 9 9 1 1 0 -1
393 232 74 137 162 2 -1
574 172 143 59 21 4 8 11 3 4 1 0 -1
612 247 30 64 22 15 2 1 7 0 -1
33 80 542 70 27 154 9 68 2 9 5 1 -1
192 23 169 143 443 22 5 3 -1
403 250 47 75 14 86 13 54 2 10 1 9 22 4 10 0 -1
50 263 514 128 41 4 -1
954 36 10 0 -1
729 30 227 13 1 0 -1
302 629 39 16 3 5 1 2 1 1 1 0 -1
611 134 31 98 70 27 11 12 2 3 1 0 -1
792 89 109 10 -1
797 80 119 1 3 0 -1
522 305 69 81 18 1 3 1 -1
940 10 24 15 8 3 -1
636 72 30 55 121 12 72 2 -1
700 69 163 19 17 18 3 8 3 0 -1
908 49 6 7 3 8 6 3 10 0 -1
583 101 93 107 98 10 3 4 1 0 -1
624 55 33 170 102 9 4 1 2 0 -1
110 448 67 234 131 9 1 0 -1
927 65 8 0 -1
392 53 110 334 99 2 6 2 1 1 -1
710 262 19 4 2 2 1 0 -1
547 400 29 4 12 3 1 1 2 1 -1
525 354 64 37 4 1 6 7 2 0 -1
600 358 8 29 2 1 1 1 -1
849 16 114 9 11 1 -1
479 328 167 25 1 0 -1
929 56 13 2 -1
235 517 158 65 25 0 -1
807 16 146 18 10 3 -1
488 505 1 3 2 1 -1
526 450 17 4 2 1 -1
835 20 122 5 2 1 10 2 1 2 -1
874 44 57 18 3 2 2 0 -1
933 43 9 11 2 2 -1
492 321 76 42 8 46 14 1 -1
947 16 15 6 2 11 2 1 -1
151 122 293 160 156 102 3 13 -1
245 410 49 167 67 4 48 9 1 0 -1
369 4 13 572 34 3 4 1 -1
917 26 17 2 5 30 2 1 -1
686 265 32 12 3 1 1 0 -1
900 27 47 9 1 5 11 0 -1
543 258 198 1 -1
833 41 73 9 23 14 5 2 -1
849 3 9 2 98 36 2 1 -1
175 8 274 119 162 208 13 11 27 2 1 0 -1
115 394 140 2 231 71 2 17 15 3 4 6 -1
140 551 292 4 8 3 1 1 -1
783 18 7 192 -1
818 157 5 13 5 2 -1
448 95 236 123 3 64 30 1 -1
731 30 67 30 33 21 30 4 6 4 37 4 3 0 -1
693 172 66 62 4 1 2 0 -1
807 177 9 6 1 0 -1
